

 Solution #1: 


01, 02, 03, 04, 05 | 06, 06, 06, 06, 07 | 08, 09, 06, 07, 07 | 10, 10, 10, 10, 07 | 11, 11, 11, 11, 07 | 
01, 02, 03, 04, 05 | 12, 12, 12, 12, 13 | 08, 09, 12, 14, 13 | 08, 10, 15, 13, 13 | 16, 17, 11, 18, 13 | 
01, 02, 03, 04, 05 | 01, 02, 03, 04, 05 | 08, 09, 09, 14, 19 | 16, 15, 15, 15, 15 | 16, 17, 17, 18, 18 | 
01, 02, 03, 04, 05 | 20, 20, 20, 20, 19 | 08, 09, 14, 14, 19 | 21, 21, 21, 21, 19 | 16, 17, 21, 18, 19 | 
22, 23, 23, 23, 23 | 22, 20, 24, 23, 25 | 22, 22, 24, 14, 25 | 22, 24, 24, 25, 25 | 16, 17, 24, 18, 25 | 

 Solution #2: 


01, 02, 03, 04, 05 | 06, 06, 06, 06, 07 | 08, 09, 06, 07, 07 | 10, 10, 10, 10, 07 | 11, 11, 11, 11, 07 | 
01, 02, 03, 04, 05 | 12, 12, 12, 12, 13 | 08, 09, 12, 14, 13 | 08, 09, 10, 13, 13 | 15, 16, 11, 17, 13 | 
01, 02, 03, 04, 05 | 01, 02, 03, 04, 05 | 08, 09, 18, 14, 19 | 15, 18, 18, 18, 18 | 15, 16, 16, 17, 17 | 
01, 02, 03, 04, 05 | 20, 20, 20, 20, 19 | 08, 09, 14, 14, 19 | 21, 21, 21, 21, 19 | 15, 16, 21, 17, 19 | 
22, 23, 23, 23, 23 | 22, 20, 24, 23, 25 | 22, 22, 24, 14, 25 | 22, 24, 24, 25, 25 | 15, 16, 24, 17, 25 | 

 Solution #3: 


01, 02, 03, 04, 05 | 06, 06, 06, 06, 07 | 08, 09, 06, 07, 07 | 10, 10, 10, 10, 07 | 11, 11, 11, 11, 07 | 
01, 02, 03, 04, 05 | 12, 12, 12, 12, 13 | 08, 09, 12, 14, 13 | 08, 09, 10, 13, 13 | 15, 16, 11, 17, 13 | 
01, 02, 03, 04, 05 | 01, 02, 03, 04, 05 | 08, 09, 14, 14, 18 | 15, 19, 19, 19, 19 | 15, 16, 19, 17, 17 | 
01, 02, 03, 04, 05 | 20, 20, 20, 20, 18 | 08, 09, 20, 14, 18 | 21, 21, 21, 21, 18 | 15, 16, 16, 17, 18 | 
22, 23, 23, 23, 23 | 22, 22, 24, 23, 25 | 22, 24, 24, 14, 25 | 22, 21, 24, 25, 25 | 15, 16, 24, 17, 25 | 

 Solution #4: 


01, 02, 03, 04, 05 | 06, 06, 06, 06, 07 | 08, 09, 06, 07, 07 | 10, 10, 10, 10, 07 | 11, 11, 11, 11, 07 | 
01, 02, 03, 04, 05 | 12, 12, 12, 12, 13 | 08, 09, 12, 14, 13 | 08, 09, 10, 13, 13 | 15, 16, 11, 17, 13 | 
01, 02, 03, 04, 05 | 01, 02, 03, 04, 05 | 08, 09, 14, 14, 18 | 15, 19, 19, 19, 19 | 15, 16, 19, 17, 17 | 
01, 02, 03, 04, 05 | 20, 20, 20, 20, 18 | 08, 09, 21, 14, 18 | 21, 21, 21, 21, 18 | 15, 16, 16, 17, 18 | 
22, 23, 23, 23, 23 | 22, 20, 24, 23, 25 | 22, 22, 24, 14, 25 | 22, 24, 24, 25, 25 | 15, 16, 24, 17, 25 | 

 Solution #5: 


01, 02, 03, 04, 05 | 06, 06, 06, 06, 07 | 08, 09, 06, 07, 07 | 10, 10, 10, 10, 07 | 11, 11, 11, 11, 07 | 
01, 02, 03, 04, 05 | 12, 12, 12, 12, 13 | 08, 09, 12, 14, 13 | 08, 09, 10, 13, 13 | 15, 16, 11, 17, 13 | 
01, 02, 03, 04, 05 | 01, 02, 03, 04, 05 | 08, 09, 14, 14, 18 | 15, 19, 19, 19, 19 | 15, 16, 19, 17, 17 | 
01, 02, 03, 04, 05 | 20, 20, 20, 20, 18 | 08, 09, 21, 14, 18 | 22, 22, 22, 22, 18 | 15, 16, 16, 17, 18 | 
23, 24, 24, 24, 24 | 23, 20, 21, 24, 25 | 23, 23, 21, 14, 25 | 23, 22, 21, 25, 25 | 15, 16, 21, 17, 25 | 

 Solution #6: 


01, 02, 03, 04, 05 | 06, 07, 07, 07, 07 | 06, 06, 07, 08, 09 | 06, 10, 10, 10, 10 | 06, 11, 11, 11, 11 | 
01, 02, 03, 04, 05 | 12, 13, 13, 13, 13 | 12, 14, 13, 08, 09 | 12, 12, 15, 10, 09 | 12, 16, 11, 17, 18 | 
01, 02, 03, 04, 05 | 01, 02, 03, 04, 05 | 19, 14, 08, 08, 09 | 15, 15, 15, 15, 18 | 16, 16, 17, 17, 18 | 
01, 02, 03, 04, 05 | 19, 20, 20, 20, 20 | 19, 14, 14, 08, 09 | 19, 21, 21, 21, 21 | 19, 16, 21, 17, 18 | 
22, 22, 22, 22, 23 | 24, 22, 25, 20, 23 | 24, 14, 25, 23, 23 | 24, 24, 25, 25, 23 | 24, 16, 25, 17, 18 | 

 Solution #7: 


01, 02, 03, 04, 05 | 06, 07, 07, 07, 07 | 06, 06, 07, 08, 09 | 06, 10, 10, 10, 10 | 06, 11, 11, 11, 11 | 
01, 02, 03, 04, 05 | 12, 13, 13, 13, 13 | 12, 14, 13, 08, 09 | 12, 12, 10, 08, 09 | 12, 15, 11, 16, 17 | 
01, 02, 03, 04, 05 | 01, 02, 03, 04, 05 | 18, 14, 19, 08, 09 | 19, 19, 19, 19, 17 | 15, 15, 16, 16, 17 | 
01, 02, 03, 04, 05 | 18, 20, 20, 20, 20 | 18, 14, 14, 08, 09 | 18, 21, 21, 21, 21 | 18, 15, 21, 16, 17 | 
22, 22, 22, 22, 23 | 24, 22, 25, 20, 23 | 24, 14, 25, 23, 23 | 24, 24, 25, 25, 23 | 24, 15, 25, 16, 17 | 

 Solution #8: 


01, 02, 03, 04, 05 | 06, 07, 07, 07, 07 | 06, 06, 07, 08, 09 | 06, 10, 10, 10, 10 | 06, 11, 11, 11, 11 | 
01, 02, 03, 04, 05 | 12, 13, 13, 13, 13 | 12, 14, 13, 08, 09 | 12, 12, 10, 08, 09 | 12, 15, 11, 16, 17 | 
01, 02, 03, 04, 05 | 01, 02, 03, 04, 05 | 18, 14, 14, 08, 09 | 19, 19, 19, 19, 17 | 15, 15, 19, 16, 17 | 
01, 02, 03, 04, 05 | 18, 20, 20, 20, 20 | 18, 14, 21, 08, 09 | 18, 21, 21, 21, 21 | 18, 15, 16, 16, 17 | 
22, 22, 22, 22, 23 | 24, 22, 25, 20, 23 | 24, 14, 25, 23, 23 | 24, 24, 25, 25, 23 | 24, 15, 25, 16, 17 | 

 Solution #9: 


01, 02, 03, 04, 05 | 06, 07, 07, 07, 07 | 06, 06, 07, 08, 09 | 06, 10, 10, 10, 10 | 06, 11, 11, 11, 11 | 
01, 02, 03, 04, 05 | 12, 13, 13, 13, 13 | 12, 14, 13, 08, 09 | 12, 12, 10, 08, 09 | 12, 15, 11, 16, 17 | 
01, 02, 03, 04, 05 | 01, 02, 03, 04, 05 | 18, 14, 14, 08, 09 | 19, 19, 19, 19, 17 | 15, 15, 19, 16, 17 | 
01, 02, 03, 04, 05 | 18, 20, 20, 20, 20 | 18, 14, 21, 08, 09 | 18, 22, 22, 22, 22 | 18, 15, 16, 16, 17 | 
23, 23, 23, 23, 24 | 25, 23, 21, 20, 24 | 25, 14, 21, 24, 24 | 25, 25, 21, 22, 24 | 25, 15, 21, 16, 17 | 

 Solution #10: 


01, 02, 03, 04, 05 | 06, 07, 07, 07, 07 | 06, 06, 07, 08, 09 | 06, 10, 10, 10, 10 | 06, 11, 11, 11, 11 | 
01, 02, 03, 04, 05 | 12, 13, 13, 13, 13 | 12, 14, 13, 08, 09 | 12, 12, 10, 08, 09 | 12, 15, 11, 16, 17 | 
01, 02, 03, 04, 05 | 01, 02, 03, 04, 05 | 18, 14, 14, 08, 09 | 19, 19, 19, 19, 17 | 15, 15, 19, 16, 17 | 
01, 02, 03, 04, 05 | 18, 20, 20, 20, 20 | 18, 14, 20, 08, 09 | 18, 21, 21, 21, 21 | 18, 15, 16, 16, 17 | 
22, 22, 22, 22, 23 | 24, 22, 25, 23, 23 | 24, 14, 25, 25, 23 | 24, 24, 25, 21, 23 | 24, 15, 25, 16, 17 | 

 Solution #11: 


01, 02, 03, 04, 05 | 06, 06, 06, 06, 05 | 07, 08, 06, 05, 05 | 09, 09, 09, 09, 05 | 10, 11, 11, 11, 11 | 
01, 02, 03, 04, 12 | 13, 13, 13, 13, 12 | 07, 08, 13, 14, 12 | 10, 15, 09, 16, 12 | 10, 17, 11, 18, 19 | 
01, 02, 03, 04, 04 | 01, 02, 03, 14, 20 | 07, 08, 08, 14, 12 | 07, 15, 16, 16, 19 | 10, 17, 18, 18, 19 | 
01, 02, 03, 04, 20 | 21, 21, 21, 21, 20 | 07, 08, 21, 14, 20 | 15, 15, 22, 16, 20 | 10, 17, 17, 18, 19 | 
23, 23, 23, 23, 24 | 25, 23, 22, 24, 24 | 25, 25, 22, 14, 24 | 25, 15, 22, 16, 24 | 25, 17, 22, 18, 19 | 

 Solution #12: 


01, 02, 03, 04, 05 | 06, 06, 06, 06, 05 | 07, 08, 06, 05, 05 | 09, 09, 09, 09, 05 | 10, 11, 11, 11, 11 | 
01, 02, 03, 04, 12 | 13, 13, 13, 13, 12 | 07, 08, 13, 14, 12 | 10, 15, 09, 16, 12 | 10, 17, 11, 18, 19 | 
01, 02, 03, 04, 04 | 01, 02, 03, 14, 20 | 07, 08, 08, 14, 12 | 07, 15, 16, 16, 19 | 10, 17, 18, 18, 19 | 
01, 02, 03, 04, 20 | 21, 21, 21, 21, 20 | 07, 08, 21, 14, 20 | 15, 15, 22, 16, 20 | 10, 17, 17, 18, 19 | 
23, 23, 23, 23, 24 | 25, 23, 22, 24, 24 | 25, 25, 22, 14, 24 | 25, 15, 22, 16, 24 | 25, 17, 22, 18, 19 | 

 Solution #13: 


01, 02, 03, 04, 05 | 06, 06, 06, 06, 05 | 07, 08, 06, 05, 05 | 09, 09, 09, 09, 05 | 10, 11, 11, 11, 11 | 
01, 02, 03, 04, 12 | 13, 13, 13, 13, 12 | 07, 08, 13, 14, 12 | 10, 15, 09, 16, 12 | 10, 17, 11, 18, 19 | 
01, 02, 03, 04, 04 | 01, 02, 03, 14, 20 | 07, 08, 08, 14, 12 | 07, 15, 16, 16, 19 | 10, 17, 17, 18, 19 | 
01, 02, 03, 04, 20 | 21, 21, 21, 21, 20 | 07, 08, 21, 14, 20 | 15, 15, 22, 16, 20 | 10, 17, 18, 18, 19 | 
23, 23, 23, 23, 24 | 25, 23, 22, 24, 24 | 25, 25, 22, 14, 24 | 25, 15, 22, 16, 24 | 25, 17, 22, 18, 19 | 

 Solution #14: 


01, 02, 03, 04, 05 | 06, 06, 06, 06, 05 | 07, 08, 06, 05, 05 | 09, 09, 09, 09, 05 | 10, 11, 11, 11, 11 | 
01, 02, 03, 04, 12 | 13, 13, 13, 13, 12 | 07, 08, 13, 14, 12 | 10, 15, 09, 16, 12 | 10, 17, 11, 18, 19 | 
01, 02, 03, 04, 04 | 01, 02, 03, 14, 20 | 07, 08, 08, 14, 12 | 07, 15, 16, 16, 19 | 10, 17, 18, 18, 19 | 
01, 02, 03, 04, 20 | 21, 21, 21, 21, 20 | 07, 08, 21, 14, 20 | 22, 15, 15, 16, 20 | 10, 17, 17, 18, 19 | 
23, 23, 23, 23, 24 | 22, 23, 25, 24, 24 | 22, 25, 25, 14, 24 | 22, 15, 25, 16, 24 | 22, 17, 25, 18, 19 | 

 Solution #15: 


01, 02, 03, 04, 05 | 06, 06, 06, 06, 05 | 07, 08, 06, 05, 05 | 09, 09, 09, 09, 05 | 10, 11, 11, 11, 11 | 
01, 02, 03, 04, 12 | 13, 13, 13, 13, 12 | 07, 08, 13, 14, 12 | 10, 15, 09, 16, 12 | 10, 17, 11, 18, 19 | 
01, 02, 03, 04, 04 | 01, 02, 03, 14, 20 | 07, 08, 08, 14, 12 | 07, 15, 16, 16, 19 | 10, 17, 17, 18, 19 | 
01, 02, 03, 04, 20 | 21, 21, 21, 21, 20 | 07, 08, 21, 14, 20 | 22, 15, 15, 16, 20 | 10, 17, 18, 18, 19 | 
23, 23, 23, 23, 24 | 22, 23, 25, 24, 24 | 22, 25, 25, 14, 24 | 22, 15, 25, 16, 24 | 22, 17, 25, 18, 19 | 

 Solution #16: 


01, 02, 03, 04, 05 | 06, 06, 06, 06, 05 | 07, 08, 06, 05, 05 | 09, 09, 09, 09, 05 | 10, 11, 11, 11, 11 | 
01, 02, 03, 04, 12 | 13, 13, 13, 13, 12 | 07, 08, 13, 14, 12 | 10, 15, 09, 16, 12 | 10, 17, 11, 18, 19 | 
01, 02, 03, 04, 04 | 01, 02, 03, 14, 20 | 07, 08, 08, 14, 12 | 07, 15, 15, 16, 19 | 10, 17, 18, 18, 19 | 
01, 02, 03, 04, 20 | 21, 21, 21, 21, 20 | 07, 08, 21, 14, 20 | 22, 15, 16, 16, 20 | 10, 17, 17, 18, 19 | 
23, 23, 23, 23, 24 | 22, 23, 25, 24, 24 | 22, 25, 25, 14, 24 | 22, 15, 25, 16, 24 | 22, 17, 25, 18, 19 | 

 Solution #17: 


01, 02, 03, 04, 05 | 06, 06, 06, 06, 05 | 07, 08, 06, 05, 05 | 09, 09, 09, 09, 05 | 10, 11, 11, 11, 11 | 
01, 02, 03, 04, 12 | 13, 13, 13, 13, 12 | 07, 08, 13, 14, 12 | 10, 15, 09, 16, 12 | 10, 17, 11, 18, 19 | 
01, 02, 03, 04, 04 | 01, 02, 03, 14, 20 | 07, 08, 08, 14, 12 | 07, 15, 15, 16, 19 | 10, 17, 17, 18, 19 | 
01, 02, 03, 04, 20 | 21, 21, 21, 21, 20 | 07, 08, 21, 14, 20 | 22, 15, 16, 16, 20 | 10, 17, 18, 18, 19 | 
23, 23, 23, 23, 24 | 22, 23, 25, 24, 24 | 22, 25, 25, 14, 24 | 22, 15, 25, 16, 24 | 22, 17, 25, 18, 19 | 

 Solution #18: 


01, 02, 03, 04, 05 | 06, 06, 06, 06, 05 | 07, 08, 06, 05, 05 | 09, 09, 09, 09, 05 | 10, 11, 11, 11, 11 | 
01, 02, 03, 04, 12 | 13, 13, 13, 13, 12 | 07, 08, 13, 14, 12 | 10, 15, 09, 16, 12 | 10, 17, 11, 18, 19 | 
01, 02, 03, 04, 04 | 01, 02, 03, 14, 12 | 07, 08, 08, 14, 20 | 07, 15, 16, 16, 19 | 10, 17, 18, 18, 19 | 
01, 02, 03, 04, 20 | 21, 21, 21, 21, 20 | 07, 08, 21, 14, 20 | 15, 15, 22, 16, 20 | 10, 17, 17, 18, 19 | 
23, 23, 23, 23, 24 | 25, 23, 22, 24, 24 | 25, 25, 22, 14, 24 | 25, 15, 22, 16, 24 | 25, 17, 22, 18, 19 | 

 Solution #19: 


01, 02, 03, 04, 05 | 06, 06, 06, 06, 05 | 07, 08, 06, 05, 05 | 09, 09, 09, 09, 05 | 10, 11, 11, 11, 11 | 
01, 02, 03, 04, 12 | 13, 13, 13, 13, 12 | 07, 08, 13, 14, 12 | 10, 15, 09, 16, 12 | 10, 17, 11, 18, 19 | 
01, 02, 03, 04, 04 | 01, 02, 03, 14, 12 | 07, 08, 08, 14, 20 | 07, 15, 16, 16, 19 | 10, 17, 17, 18, 19 | 
01, 02, 03, 04, 20 | 21, 21, 21, 21, 20 | 07, 08, 21, 14, 20 | 15, 15, 22, 16, 20 | 10, 17, 18, 18, 19 | 
23, 23, 23, 23, 24 | 25, 23, 22, 24, 24 | 25, 25, 22, 14, 24 | 25, 15, 22, 16, 24 | 25, 17, 22, 18, 19 | 

 Solution #20: 


01, 02, 03, 04, 05 | 06, 06, 06, 06, 05 | 07, 08, 06, 05, 05 | 09, 09, 09, 09, 05 | 10, 11, 11, 11, 11 | 
01, 02, 03, 04, 12 | 13, 13, 13, 13, 12 | 07, 08, 13, 14, 12 | 10, 15, 09, 16, 12 | 10, 17, 11, 18, 19 | 
01, 02, 03, 04, 04 | 01, 02, 03, 14, 12 | 07, 08, 08, 14, 20 | 07, 15, 16, 16, 19 | 10, 17, 18, 18, 19 | 
01, 02, 03, 04, 20 | 21, 21, 21, 21, 20 | 07, 08, 21, 14, 20 | 22, 15, 15, 16, 20 | 10, 17, 17, 18, 19 | 
23, 23, 23, 23, 24 | 22, 23, 25, 24, 24 | 22, 25, 25, 14, 24 | 22, 15, 25, 16, 24 | 22, 17, 25, 18, 19 | 

 Solution #21: 


01, 02, 03, 04, 05 | 06, 06, 06, 06, 05 | 07, 08, 06, 05, 05 | 09, 09, 09, 09, 05 | 10, 11, 11, 11, 11 | 
01, 02, 03, 04, 12 | 13, 13, 13, 13, 12 | 07, 08, 13, 14, 12 | 10, 15, 09, 16, 12 | 10, 17, 11, 18, 19 | 
01, 02, 03, 04, 04 | 01, 02, 03, 14, 12 | 07, 08, 08, 14, 20 | 07, 15, 16, 16, 19 | 10, 17, 17, 18, 19 | 
01, 02, 03, 04, 20 | 21, 21, 21, 21, 20 | 07, 08, 21, 14, 20 | 22, 15, 15, 16, 20 | 10, 17, 18, 18, 19 | 
23, 23, 23, 23, 24 | 22, 23, 25, 24, 24 | 22, 25, 25, 14, 24 | 22, 15, 25, 16, 24 | 22, 17, 25, 18, 19 | 

 Solution #22: 


01, 02, 03, 04, 05 | 06, 06, 06, 06, 05 | 07, 08, 06, 05, 05 | 09, 09, 09, 09, 05 | 10, 11, 11, 11, 11 | 
01, 02, 03, 04, 12 | 13, 13, 13, 13, 12 | 07, 08, 13, 14, 12 | 10, 15, 09, 16, 12 | 10, 17, 11, 18, 19 | 
01, 02, 03, 04, 04 | 01, 02, 03, 14, 12 | 07, 08, 08, 14, 20 | 07, 15, 15, 16, 19 | 10, 17, 18, 18, 19 | 
01, 02, 03, 04, 20 | 21, 21, 21, 21, 20 | 07, 08, 21, 14, 20 | 22, 15, 16, 16, 20 | 10, 17, 17, 18, 19 | 
23, 23, 23, 23, 24 | 22, 23, 25, 24, 24 | 22, 25, 25, 14, 24 | 22, 15, 25, 16, 24 | 22, 17, 25, 18, 19 | 

 Solution #23: 


01, 02, 03, 04, 05 | 06, 06, 06, 06, 05 | 07, 08, 06, 05, 05 | 09, 09, 09, 09, 05 | 10, 11, 11, 11, 11 | 
01, 02, 03, 04, 12 | 13, 13, 13, 13, 12 | 07, 08, 13, 14, 12 | 10, 15, 09, 16, 12 | 10, 17, 11, 18, 19 | 
01, 02, 03, 04, 04 | 01, 02, 03, 14, 12 | 07, 08, 08, 14, 20 | 07, 15, 15, 16, 19 | 10, 17, 17, 18, 19 | 
01, 02, 03, 04, 20 | 21, 21, 21, 21, 20 | 07, 08, 21, 14, 20 | 22, 15, 16, 16, 20 | 10, 17, 18, 18, 19 | 
23, 23, 23, 23, 24 | 22, 23, 25, 24, 24 | 22, 25, 25, 14, 24 | 22, 15, 25, 16, 24 | 22, 17, 25, 18, 19 | 

 Solution #24: 


01, 02, 03, 04, 05 | 06, 06, 06, 06, 05 | 07, 08, 06, 05, 05 | 09, 09, 09, 09, 05 | 10, 11, 11, 11, 11 | 
01, 02, 03, 04, 12 | 13, 13, 13, 13, 12 | 07, 08, 13, 14, 12 | 07, 15, 09, 16, 12 | 10, 17, 11, 18, 19 | 
01, 02, 03, 04, 04 | 01, 02, 03, 14, 20 | 07, 08, 08, 14, 12 | 10, 15, 16, 16, 19 | 10, 17, 18, 18, 19 | 
01, 02, 03, 04, 20 | 21, 21, 21, 21, 20 | 07, 08, 21, 14, 20 | 15, 15, 22, 16, 20 | 10, 17, 17, 18, 19 | 
23, 23, 23, 23, 24 | 25, 23, 22, 24, 24 | 25, 25, 22, 14, 24 | 25, 15, 22, 16, 24 | 25, 17, 22, 18, 19 | 

 Solution #25: 


01, 02, 03, 04, 05 | 06, 06, 06, 06, 05 | 07, 08, 06, 05, 05 | 09, 09, 09, 09, 05 | 10, 11, 11, 11, 11 | 
01, 02, 03, 04, 12 | 13, 13, 13, 13, 12 | 07, 08, 13, 14, 12 | 07, 15, 09, 16, 12 | 10, 17, 11, 18, 19 | 
01, 02, 03, 04, 04 | 01, 02, 03, 14, 20 | 07, 08, 08, 14, 12 | 10, 15, 16, 16, 19 | 10, 17, 17, 18, 19 | 
01, 02, 03, 04, 20 | 21, 21, 21, 21, 20 | 07, 08, 21, 14, 20 | 15, 15, 22, 16, 20 | 10, 17, 18, 18, 19 | 
23, 23, 23, 23, 24 | 25, 23, 22, 24, 24 | 25, 25, 22, 14, 24 | 25, 15, 22, 16, 24 | 25, 17, 22, 18, 19 | 

 Solution #26: 


01, 02, 03, 04, 05 | 06, 06, 06, 06, 05 | 07, 08, 06, 05, 05 | 09, 09, 09, 09, 05 | 10, 11, 11, 11, 11 | 
01, 02, 03, 04, 12 | 13, 13, 13, 13, 12 | 07, 08, 13, 14, 12 | 07, 15, 09, 16, 12 | 10, 17, 11, 18, 19 | 
01, 02, 03, 04, 04 | 01, 02, 03, 14, 20 | 07, 08, 08, 14, 12 | 10, 15, 16, 16, 19 | 10, 17, 18, 18, 19 | 
01, 02, 03, 04, 20 | 21, 21, 21, 21, 20 | 07, 08, 21, 14, 20 | 22, 15, 15, 16, 20 | 10, 17, 17, 18, 19 | 
23, 23, 23, 23, 24 | 22, 23, 25, 24, 24 | 22, 25, 25, 14, 24 | 22, 15, 25, 16, 24 | 22, 17, 25, 18, 19 | 

 Solution #27: 


01, 02, 03, 04, 05 | 06, 06, 06, 06, 05 | 07, 08, 06, 05, 05 | 09, 09, 09, 09, 05 | 10, 11, 11, 11, 11 | 
01, 02, 03, 04, 12 | 13, 13, 13, 13, 12 | 07, 08, 13, 14, 12 | 07, 15, 09, 16, 12 | 10, 17, 11, 18, 19 | 
01, 02, 03, 04, 04 | 01, 02, 03, 14, 20 | 07, 08, 08, 14, 12 | 10, 15, 16, 16, 19 | 10, 17, 17, 18, 19 | 
01, 02, 03, 04, 20 | 21, 21, 21, 21, 20 | 07, 08, 21, 14, 20 | 22, 15, 15, 16, 20 | 10, 17, 18, 18, 19 | 
23, 23, 23, 23, 24 | 22, 23, 25, 24, 24 | 22, 25, 25, 14, 24 | 22, 15, 25, 16, 24 | 22, 17, 25, 18, 19 | 

 Solution #28: 


01, 02, 03, 04, 05 | 06, 06, 06, 06, 05 | 07, 08, 06, 05, 05 | 09, 09, 09, 09, 05 | 10, 11, 11, 11, 11 | 
01, 02, 03, 04, 12 | 13, 13, 13, 13, 12 | 07, 08, 13, 14, 12 | 07, 15, 09, 16, 12 | 10, 17, 11, 18, 19 | 
01, 02, 03, 04, 04 | 01, 02, 03, 14, 20 | 07, 08, 08, 14, 12 | 10, 15, 15, 16, 19 | 10, 17, 18, 18, 19 | 
01, 02, 03, 04, 20 | 21, 21, 21, 21, 20 | 07, 08, 21, 14, 20 | 22, 15, 16, 16, 20 | 10, 17, 17, 18, 19 | 
23, 23, 23, 23, 24 | 22, 23, 25, 24, 24 | 22, 25, 25, 14, 24 | 22, 15, 25, 16, 24 | 22, 17, 25, 18, 19 | 

 Solution #29: 


01, 02, 03, 04, 05 | 06, 06, 06, 06, 05 | 07, 08, 06, 05, 05 | 09, 09, 09, 09, 05 | 10, 11, 11, 11, 11 | 
01, 02, 03, 04, 12 | 13, 13, 13, 13, 12 | 07, 08, 13, 14, 12 | 07, 15, 09, 16, 12 | 10, 17, 11, 18, 19 | 
01, 02, 03, 04, 04 | 01, 02, 03, 14, 20 | 07, 08, 08, 14, 12 | 10, 15, 15, 16, 19 | 10, 17, 17, 18, 19 | 
01, 02, 03, 04, 20 | 21, 21, 21, 21, 20 | 07, 08, 21, 14, 20 | 22, 15, 16, 16, 20 | 10, 17, 18, 18, 19 | 
23, 23, 23, 23, 24 | 22, 23, 25, 24, 24 | 22, 25, 25, 14, 24 | 22, 15, 25, 16, 24 | 22, 17, 25, 18, 19 | 

 Solution #30: 


01, 02, 03, 04, 05 | 06, 06, 06, 06, 05 | 07, 08, 06, 05, 05 | 09, 09, 09, 09, 05 | 10, 11, 11, 11, 11 | 
01, 02, 03, 04, 12 | 13, 13, 13, 13, 12 | 07, 08, 13, 14, 12 | 07, 15, 09, 16, 12 | 10, 17, 11, 18, 19 | 
01, 02, 03, 04, 04 | 01, 02, 03, 14, 12 | 07, 08, 08, 14, 20 | 10, 15, 16, 16, 19 | 10, 17, 18, 18, 19 | 
01, 02, 03, 04, 20 | 21, 21, 21, 21, 20 | 07, 08, 21, 14, 20 | 15, 15, 22, 16, 20 | 10, 17, 17, 18, 19 | 
23, 23, 23, 23, 24 | 25, 23, 22, 24, 24 | 25, 25, 22, 14, 24 | 25, 15, 22, 16, 24 | 25, 17, 22, 18, 19 | 

 Solution #31: 


01, 02, 03, 04, 05 | 06, 06, 06, 06, 05 | 07, 08, 06, 05, 05 | 09, 09, 09, 09, 05 | 10, 11, 11, 11, 11 | 
01, 02, 03, 04, 12 | 13, 13, 13, 13, 12 | 07, 08, 13, 14, 12 | 07, 15, 09, 16, 12 | 10, 17, 11, 18, 19 | 
01, 02, 03, 04, 04 | 01, 02, 03, 14, 12 | 07, 08, 08, 14, 20 | 10, 15, 16, 16, 19 | 10, 17, 17, 18, 19 | 
01, 02, 03, 04, 20 | 21, 21, 21, 21, 20 | 07, 08, 21, 14, 20 | 15, 15, 22, 16, 20 | 10, 17, 18, 18, 19 | 
23, 23, 23, 23, 24 | 25, 23, 22, 24, 24 | 25, 25, 22, 14, 24 | 25, 15, 22, 16, 24 | 25, 17, 22, 18, 19 | 

 Solution #32: 


01, 02, 03, 04, 05 | 06, 06, 06, 06, 05 | 07, 08, 06, 05, 05 | 09, 09, 09, 09, 05 | 10, 11, 11, 11, 11 | 
01, 02, 03, 04, 12 | 13, 13, 13, 13, 12 | 07, 08, 13, 14, 12 | 07, 15, 09, 16, 12 | 10, 17, 11, 18, 19 | 
01, 02, 03, 04, 04 | 01, 02, 03, 14, 12 | 07, 08, 08, 14, 20 | 10, 15, 16, 16, 19 | 10, 17, 18, 18, 19 | 
01, 02, 03, 04, 20 | 21, 21, 21, 21, 20 | 07, 08, 21, 14, 20 | 22, 15, 15, 16, 20 | 10, 17, 17, 18, 19 | 
23, 23, 23, 23, 24 | 22, 23, 25, 24, 24 | 22, 25, 25, 14, 24 | 22, 15, 25, 16, 24 | 22, 17, 25, 18, 19 | 

 Solution #33: 


01, 02, 03, 04, 05 | 06, 06, 06, 06, 05 | 07, 08, 06, 05, 05 | 09, 09, 09, 09, 05 | 10, 11, 11, 11, 11 | 
01, 02, 03, 04, 12 | 13, 13, 13, 13, 12 | 07, 08, 13, 14, 12 | 07, 15, 09, 16, 12 | 10, 17, 11, 18, 19 | 
01, 02, 03, 04, 04 | 01, 02, 03, 14, 12 | 07, 08, 08, 14, 20 | 10, 15, 16, 16, 19 | 10, 17, 17, 18, 19 | 
01, 02, 03, 04, 20 | 21, 21, 21, 21, 20 | 07, 08, 21, 14, 20 | 22, 15, 15, 16, 20 | 10, 17, 18, 18, 19 | 
23, 23, 23, 23, 24 | 22, 23, 25, 24, 24 | 22, 25, 25, 14, 24 | 22, 15, 25, 16, 24 | 22, 17, 25, 18, 19 | 

 Solution #34: 


01, 02, 03, 04, 05 | 06, 06, 06, 06, 05 | 07, 08, 06, 05, 05 | 09, 09, 09, 09, 05 | 10, 11, 11, 11, 11 | 
01, 02, 03, 04, 12 | 13, 13, 13, 13, 12 | 07, 08, 13, 14, 12 | 07, 15, 09, 16, 12 | 10, 17, 11, 18, 19 | 
01, 02, 03, 04, 04 | 01, 02, 03, 14, 12 | 07, 08, 08, 14, 20 | 10, 15, 15, 16, 19 | 10, 17, 18, 18, 19 | 
01, 02, 03, 04, 20 | 21, 21, 21, 21, 20 | 07, 08, 21, 14, 20 | 22, 15, 16, 16, 20 | 10, 17, 17, 18, 19 | 
23, 23, 23, 23, 24 | 22, 23, 25, 24, 24 | 22, 25, 25, 14, 24 | 22, 15, 25, 16, 24 | 22, 17, 25, 18, 19 | 

 Solution #35: 


01, 02, 03, 04, 05 | 06, 06, 06, 06, 05 | 07, 08, 06, 05, 05 | 09, 09, 09, 09, 05 | 10, 11, 11, 11, 11 | 
01, 02, 03, 04, 12 | 13, 13, 13, 13, 12 | 07, 08, 13, 14, 12 | 07, 15, 09, 16, 12 | 10, 17, 11, 18, 19 | 
01, 02, 03, 04, 04 | 01, 02, 03, 14, 12 | 07, 08, 08, 14, 20 | 10, 15, 15, 16, 19 | 10, 17, 17, 18, 19 | 
01, 02, 03, 04, 20 | 21, 21, 21, 21, 20 | 07, 08, 21, 14, 20 | 22, 15, 16, 16, 20 | 10, 17, 18, 18, 19 | 
23, 23, 23, 23, 24 | 22, 23, 25, 24, 24 | 22, 25, 25, 14, 24 | 22, 15, 25, 16, 24 | 22, 17, 25, 18, 19 | 

 Solution #36: 


01, 02, 03, 04, 05 | 06, 06, 06, 06, 05 | 07, 06, 08, 05, 05 | 09, 09, 09, 09, 05 | 10, 11, 11, 11, 11 | 
01, 02, 03, 04, 12 | 13, 13, 13, 13, 12 | 07, 13, 08, 14, 12 | 10, 15, 09, 16, 12 | 10, 17, 11, 18, 19 | 
01, 02, 03, 04, 04 | 01, 02, 03, 14, 20 | 07, 08, 08, 14, 12 | 07, 15, 16, 16, 19 | 10, 17, 18, 18, 19 | 
01, 02, 03, 04, 20 | 21, 21, 21, 21, 20 | 07, 21, 08, 14, 20 | 15, 15, 22, 16, 20 | 10, 17, 17, 18, 19 | 
23, 23, 23, 23, 24 | 25, 23, 22, 24, 24 | 25, 25, 22, 14, 24 | 25, 15, 22, 16, 24 | 25, 17, 22, 18, 19 | 

 Solution #37: 


01, 02, 03, 04, 05 | 06, 06, 06, 06, 05 | 07, 06, 08, 05, 05 | 09, 09, 09, 09, 05 | 10, 11, 11, 11, 11 | 
01, 02, 03, 04, 12 | 13, 13, 13, 13, 12 | 07, 13, 08, 14, 12 | 10, 15, 09, 16, 12 | 10, 17, 11, 18, 19 | 
01, 02, 03, 04, 04 | 01, 02, 03, 14, 20 | 07, 08, 08, 14, 12 | 07, 15, 16, 16, 19 | 10, 17, 17, 18, 19 | 
01, 02, 03, 04, 20 | 21, 21, 21, 21, 20 | 07, 21, 08, 14, 20 | 15, 15, 22, 16, 20 | 10, 17, 18, 18, 19 | 
23, 23, 23, 23, 24 | 25, 23, 22, 24, 24 | 25, 25, 22, 14, 24 | 25, 15, 22, 16, 24 | 25, 17, 22, 18, 19 | 

 Solution #38: 


01, 02, 03, 04, 05 | 06, 06, 06, 06, 05 | 07, 06, 08, 05, 05 | 09, 09, 09, 09, 05 | 10, 11, 11, 11, 11 | 
01, 02, 03, 04, 12 | 13, 13, 13, 13, 12 | 07, 13, 08, 14, 12 | 10, 15, 09, 16, 12 | 10, 17, 11, 18, 19 | 
01, 02, 03, 04, 04 | 01, 02, 03, 14, 20 | 07, 08, 08, 14, 12 | 07, 15, 16, 16, 19 | 10, 17, 18, 18, 19 | 
01, 02, 03, 04, 20 | 21, 21, 21, 21, 20 | 07, 21, 08, 14, 20 | 22, 15, 15, 16, 20 | 10, 17, 17, 18, 19 | 
23, 23, 23, 23, 24 | 22, 23, 25, 24, 24 | 22, 25, 25, 14, 24 | 22, 15, 25, 16, 24 | 22, 17, 25, 18, 19 | 

 Solution #39: 


01, 02, 03, 04, 05 | 06, 06, 06, 06, 05 | 07, 06, 08, 05, 05 | 09, 09, 09, 09, 05 | 10, 11, 11, 11, 11 | 
01, 02, 03, 04, 12 | 13, 13, 13, 13, 12 | 07, 13, 08, 14, 12 | 10, 15, 09, 16, 12 | 10, 17, 11, 18, 19 | 
01, 02, 03, 04, 04 | 01, 02, 03, 14, 20 | 07, 08, 08, 14, 12 | 07, 15, 16, 16, 19 | 10, 17, 17, 18, 19 | 
01, 02, 03, 04, 20 | 21, 21, 21, 21, 20 | 07, 21, 08, 14, 20 | 22, 15, 15, 16, 20 | 10, 17, 18, 18, 19 | 
23, 23, 23, 23, 24 | 22, 23, 25, 24, 24 | 22, 25, 25, 14, 24 | 22, 15, 25, 16, 24 | 22, 17, 25, 18, 19 | 

 Solution #40: 


01, 02, 03, 04, 05 | 06, 06, 06, 06, 05 | 07, 06, 08, 05, 05 | 09, 09, 09, 09, 05 | 10, 11, 11, 11, 11 | 
01, 02, 03, 04, 12 | 13, 13, 13, 13, 12 | 07, 13, 08, 14, 12 | 10, 15, 09, 16, 12 | 10, 17, 11, 18, 19 | 
01, 02, 03, 04, 04 | 01, 02, 03, 14, 20 | 07, 08, 08, 14, 12 | 07, 15, 15, 16, 19 | 10, 17, 18, 18, 19 | 
01, 02, 03, 04, 20 | 21, 21, 21, 21, 20 | 07, 21, 08, 14, 20 | 22, 15, 16, 16, 20 | 10, 17, 17, 18, 19 | 
23, 23, 23, 23, 24 | 22, 23, 25, 24, 24 | 22, 25, 25, 14, 24 | 22, 15, 25, 16, 24 | 22, 17, 25, 18, 19 | 

 Solution #41: 


01, 02, 03, 04, 05 | 06, 06, 06, 06, 05 | 07, 06, 08, 05, 05 | 09, 09, 09, 09, 05 | 10, 11, 11, 11, 11 | 
01, 02, 03, 04, 12 | 13, 13, 13, 13, 12 | 07, 13, 08, 14, 12 | 10, 15, 09, 16, 12 | 10, 17, 11, 18, 19 | 
01, 02, 03, 04, 04 | 01, 02, 03, 14, 20 | 07, 08, 08, 14, 12 | 07, 15, 15, 16, 19 | 10, 17, 17, 18, 19 | 
01, 02, 03, 04, 20 | 21, 21, 21, 21, 20 | 07, 21, 08, 14, 20 | 22, 15, 16, 16, 20 | 10, 17, 18, 18, 19 | 
23, 23, 23, 23, 24 | 22, 23, 25, 24, 24 | 22, 25, 25, 14, 24 | 22, 15, 25, 16, 24 | 22, 17, 25, 18, 19 | 

 Solution #42: 


01, 02, 03, 04, 05 | 06, 06, 06, 06, 05 | 07, 06, 08, 05, 05 | 09, 09, 09, 09, 05 | 10, 11, 11, 11, 11 | 
01, 02, 03, 04, 12 | 13, 13, 13, 13, 12 | 07, 13, 08, 14, 12 | 10, 15, 09, 16, 12 | 10, 17, 11, 18, 19 | 
01, 02, 03, 04, 04 | 01, 02, 03, 14, 12 | 07, 08, 08, 14, 20 | 07, 15, 16, 16, 19 | 10, 17, 18, 18, 19 | 
01, 02, 03, 04, 20 | 21, 21, 21, 21, 20 | 07, 21, 08, 14, 20 | 15, 15, 22, 16, 20 | 10, 17, 17, 18, 19 | 
23, 23, 23, 23, 24 | 25, 23, 22, 24, 24 | 25, 25, 22, 14, 24 | 25, 15, 22, 16, 24 | 25, 17, 22, 18, 19 | 

 Solution #43: 


01, 02, 03, 04, 05 | 06, 06, 06, 06, 05 | 07, 06, 08, 05, 05 | 09, 09, 09, 09, 05 | 10, 11, 11, 11, 11 | 
01, 02, 03, 04, 12 | 13, 13, 13, 13, 12 | 07, 13, 08, 14, 12 | 10, 15, 09, 16, 12 | 10, 17, 11, 18, 19 | 
01, 02, 03, 04, 04 | 01, 02, 03, 14, 12 | 07, 08, 08, 14, 20 | 07, 15, 16, 16, 19 | 10, 17, 17, 18, 19 | 
01, 02, 03, 04, 20 | 21, 21, 21, 21, 20 | 07, 21, 08, 14, 20 | 15, 15, 22, 16, 20 | 10, 17, 18, 18, 19 | 
23, 23, 23, 23, 24 | 25, 23, 22, 24, 24 | 25, 25, 22, 14, 24 | 25, 15, 22, 16, 24 | 25, 17, 22, 18, 19 | 

 Solution #44: 


01, 02, 03, 04, 05 | 06, 06, 06, 06, 05 | 07, 06, 08, 05, 05 | 09, 09, 09, 09, 05 | 10, 11, 11, 11, 11 | 
01, 02, 03, 04, 12 | 13, 13, 13, 13, 12 | 07, 13, 08, 14, 12 | 10, 15, 09, 16, 12 | 10, 17, 11, 18, 19 | 
01, 02, 03, 04, 04 | 01, 02, 03, 14, 12 | 07, 08, 08, 14, 20 | 07, 15, 16, 16, 19 | 10, 17, 18, 18, 19 | 
01, 02, 03, 04, 20 | 21, 21, 21, 21, 20 | 07, 21, 08, 14, 20 | 22, 15, 15, 16, 20 | 10, 17, 17, 18, 19 | 
23, 23, 23, 23, 24 | 22, 23, 25, 24, 24 | 22, 25, 25, 14, 24 | 22, 15, 25, 16, 24 | 22, 17, 25, 18, 19 | 

 Solution #45: 


01, 02, 03, 04, 05 | 06, 06, 06, 06, 05 | 07, 06, 08, 05, 05 | 09, 09, 09, 09, 05 | 10, 11, 11, 11, 11 | 
01, 02, 03, 04, 12 | 13, 13, 13, 13, 12 | 07, 13, 08, 14, 12 | 10, 15, 09, 16, 12 | 10, 17, 11, 18, 19 | 
01, 02, 03, 04, 04 | 01, 02, 03, 14, 12 | 07, 08, 08, 14, 20 | 07, 15, 16, 16, 19 | 10, 17, 17, 18, 19 | 
01, 02, 03, 04, 20 | 21, 21, 21, 21, 20 | 07, 21, 08, 14, 20 | 22, 15, 15, 16, 20 | 10, 17, 18, 18, 19 | 
23, 23, 23, 23, 24 | 22, 23, 25, 24, 24 | 22, 25, 25, 14, 24 | 22, 15, 25, 16, 24 | 22, 17, 25, 18, 19 | 

 Solution #46: 


01, 02, 03, 04, 05 | 06, 06, 06, 06, 05 | 07, 06, 08, 05, 05 | 09, 09, 09, 09, 05 | 10, 11, 11, 11, 11 | 
01, 02, 03, 04, 12 | 13, 13, 13, 13, 12 | 07, 13, 08, 14, 12 | 10, 15, 09, 16, 12 | 10, 17, 11, 18, 19 | 
01, 02, 03, 04, 04 | 01, 02, 03, 14, 12 | 07, 08, 08, 14, 20 | 07, 15, 15, 16, 19 | 10, 17, 18, 18, 19 | 
01, 02, 03, 04, 20 | 21, 21, 21, 21, 20 | 07, 21, 08, 14, 20 | 22, 15, 16, 16, 20 | 10, 17, 17, 18, 19 | 
23, 23, 23, 23, 24 | 22, 23, 25, 24, 24 | 22, 25, 25, 14, 24 | 22, 15, 25, 16, 24 | 22, 17, 25, 18, 19 | 

 Solution #47: 


01, 02, 03, 04, 05 | 06, 06, 06, 06, 05 | 07, 06, 08, 05, 05 | 09, 09, 09, 09, 05 | 10, 11, 11, 11, 11 | 
01, 02, 03, 04, 12 | 13, 13, 13, 13, 12 | 07, 13, 08, 14, 12 | 10, 15, 09, 16, 12 | 10, 17, 11, 18, 19 | 
01, 02, 03, 04, 04 | 01, 02, 03, 14, 12 | 07, 08, 08, 14, 20 | 07, 15, 15, 16, 19 | 10, 17, 17, 18, 19 | 
01, 02, 03, 04, 20 | 21, 21, 21, 21, 20 | 07, 21, 08, 14, 20 | 22, 15, 16, 16, 20 | 10, 17, 18, 18, 19 | 
23, 23, 23, 23, 24 | 22, 23, 25, 24, 24 | 22, 25, 25, 14, 24 | 22, 15, 25, 16, 24 | 22, 17, 25, 18, 19 | 

 Solution #48: 


01, 02, 03, 04, 05 | 06, 06, 06, 06, 05 | 07, 06, 08, 05, 05 | 09, 09, 09, 09, 05 | 10, 11, 11, 11, 11 | 
01, 02, 03, 04, 12 | 13, 13, 13, 13, 12 | 07, 13, 08, 14, 12 | 10, 15, 09, 16, 12 | 10, 17, 11, 18, 19 | 
01, 02, 03, 04, 04 | 01, 02, 03, 14, 20 | 07, 15, 08, 14, 12 | 07, 15, 08, 16, 19 | 10, 17, 18, 18, 19 | 
01, 02, 03, 04, 20 | 21, 21, 21, 21, 20 | 07, 21, 08, 14, 20 | 22, 15, 16, 16, 20 | 10, 17, 17, 18, 19 | 
23, 23, 23, 23, 24 | 22, 23, 25, 24, 24 | 22, 25, 25, 14, 24 | 22, 15, 25, 16, 24 | 22, 17, 25, 18, 19 | 

 Solution #49: 


01, 02, 03, 04, 05 | 06, 06, 06, 06, 05 | 07, 06, 08, 05, 05 | 09, 09, 09, 09, 05 | 10, 11, 11, 11, 11 | 
01, 02, 03, 04, 12 | 13, 13, 13, 13, 12 | 07, 13, 08, 14, 12 | 10, 15, 09, 16, 12 | 10, 17, 11, 18, 19 | 
01, 02, 03, 04, 04 | 01, 02, 03, 14, 20 | 07, 15, 08, 14, 12 | 07, 15, 08, 16, 19 | 10, 17, 17, 18, 19 | 
01, 02, 03, 04, 20 | 21, 21, 21, 21, 20 | 07, 21, 08, 14, 20 | 22, 15, 16, 16, 20 | 10, 17, 18, 18, 19 | 
23, 23, 23, 23, 24 | 22, 23, 25, 24, 24 | 22, 25, 25, 14, 24 | 22, 15, 25, 16, 24 | 22, 17, 25, 18, 19 | 

 Solution #50: 


01, 02, 03, 04, 05 | 06, 06, 06, 06, 05 | 07, 06, 08, 05, 05 | 09, 09, 09, 09, 05 | 10, 11, 11, 11, 11 | 
01, 02, 03, 04, 12 | 13, 13, 13, 13, 12 | 07, 13, 08, 14, 12 | 10, 15, 09, 16, 12 | 10, 17, 11, 18, 19 | 
01, 02, 03, 04, 04 | 01, 02, 03, 14, 12 | 07, 15, 08, 14, 20 | 07, 15, 08, 16, 19 | 10, 17, 18, 18, 19 | 
01, 02, 03, 04, 20 | 21, 21, 21, 21, 20 | 07, 21, 08, 14, 20 | 22, 15, 16, 16, 20 | 10, 17, 17, 18, 19 | 
23, 23, 23, 23, 24 | 22, 23, 25, 24, 24 | 22, 25, 25, 14, 24 | 22, 15, 25, 16, 24 | 22, 17, 25, 18, 19 | 

 Solution #51: 


01, 02, 03, 04, 05 | 06, 06, 06, 06, 05 | 07, 06, 08, 05, 05 | 09, 09, 09, 09, 05 | 10, 11, 11, 11, 11 | 
01, 02, 03, 04, 12 | 13, 13, 13, 13, 12 | 07, 13, 08, 14, 12 | 10, 15, 09, 16, 12 | 10, 17, 11, 18, 19 | 
01, 02, 03, 04, 04 | 01, 02, 03, 14, 12 | 07, 15, 08, 14, 20 | 07, 15, 08, 16, 19 | 10, 17, 17, 18, 19 | 
01, 02, 03, 04, 20 | 21, 21, 21, 21, 20 | 07, 21, 08, 14, 20 | 22, 15, 16, 16, 20 | 10, 17, 18, 18, 19 | 
23, 23, 23, 23, 24 | 22, 23, 25, 24, 24 | 22, 25, 25, 14, 24 | 22, 15, 25, 16, 24 | 22, 17, 25, 18, 19 | 

 Solution #52: 


01, 02, 03, 04, 05 | 06, 06, 06, 06, 05 | 07, 06, 08, 05, 05 | 09, 09, 09, 09, 05 | 10, 11, 11, 11, 11 | 
01, 02, 03, 04, 12 | 13, 13, 13, 13, 12 | 07, 13, 08, 14, 12 | 10, 15, 09, 16, 12 | 10, 17, 11, 18, 19 | 
01, 02, 03, 04, 04 | 01, 02, 03, 14, 20 | 07, 07, 08, 14, 12 | 15, 15, 08, 16, 19 | 10, 17, 18, 18, 19 | 
01, 02, 03, 04, 20 | 21, 21, 21, 21, 20 | 07, 21, 08, 14, 20 | 22, 15, 16, 16, 20 | 10, 17, 17, 18, 19 | 
23, 23, 23, 23, 24 | 22, 23, 25, 24, 24 | 22, 25, 25, 14, 24 | 22, 15, 25, 16, 24 | 22, 17, 25, 18, 19 | 

 Solution #53: 


01, 02, 03, 04, 05 | 06, 06, 06, 06, 05 | 07, 06, 08, 05, 05 | 09, 09, 09, 09, 05 | 10, 11, 11, 11, 11 | 
01, 02, 03, 04, 12 | 13, 13, 13, 13, 12 | 07, 13, 08, 14, 12 | 10, 15, 09, 16, 12 | 10, 17, 11, 18, 19 | 
01, 02, 03, 04, 04 | 01, 02, 03, 14, 20 | 07, 07, 08, 14, 12 | 15, 15, 08, 16, 19 | 10, 17, 17, 18, 19 | 
01, 02, 03, 04, 20 | 21, 21, 21, 21, 20 | 07, 21, 08, 14, 20 | 22, 15, 16, 16, 20 | 10, 17, 18, 18, 19 | 
23, 23, 23, 23, 24 | 22, 23, 25, 24, 24 | 22, 25, 25, 14, 24 | 22, 15, 25, 16, 24 | 22, 17, 25, 18, 19 | 

 Solution #54: 


01, 02, 03, 04, 05 | 06, 06, 06, 06, 05 | 07, 06, 08, 05, 05 | 09, 09, 09, 09, 05 | 10, 11, 11, 11, 11 | 
01, 02, 03, 04, 12 | 13, 13, 13, 13, 12 | 07, 13, 08, 14, 12 | 10, 15, 09, 16, 12 | 10, 17, 11, 18, 19 | 
01, 02, 03, 04, 04 | 01, 02, 03, 14, 12 | 07, 07, 08, 14, 20 | 15, 15, 08, 16, 19 | 10, 17, 18, 18, 19 | 
01, 02, 03, 04, 20 | 21, 21, 21, 21, 20 | 07, 21, 08, 14, 20 | 22, 15, 16, 16, 20 | 10, 17, 17, 18, 19 | 
23, 23, 23, 23, 24 | 22, 23, 25, 24, 24 | 22, 25, 25, 14, 24 | 22, 15, 25, 16, 24 | 22, 17, 25, 18, 19 | 

 Solution #55: 


01, 02, 03, 04, 05 | 06, 06, 06, 06, 05 | 07, 06, 08, 05, 05 | 09, 09, 09, 09, 05 | 10, 11, 11, 11, 11 | 
01, 02, 03, 04, 12 | 13, 13, 13, 13, 12 | 07, 13, 08, 14, 12 | 10, 15, 09, 16, 12 | 10, 17, 11, 18, 19 | 
01, 02, 03, 04, 04 | 01, 02, 03, 14, 12 | 07, 07, 08, 14, 20 | 15, 15, 08, 16, 19 | 10, 17, 17, 18, 19 | 
01, 02, 03, 04, 20 | 21, 21, 21, 21, 20 | 07, 21, 08, 14, 20 | 22, 15, 16, 16, 20 | 10, 17, 18, 18, 19 | 
23, 23, 23, 23, 24 | 22, 23, 25, 24, 24 | 22, 25, 25, 14, 24 | 22, 15, 25, 16, 24 | 22, 17, 25, 18, 19 | 

 Solution #56: 


01, 02, 03, 04, 05 | 06, 06, 06, 06, 05 | 07, 06, 08, 05, 05 | 09, 09, 09, 09, 05 | 10, 11, 11, 11, 11 | 
01, 02, 03, 04, 12 | 13, 13, 13, 13, 12 | 07, 13, 08, 14, 12 | 07, 15, 09, 16, 12 | 10, 17, 11, 18, 19 | 
01, 02, 03, 04, 04 | 01, 02, 03, 14, 20 | 07, 08, 08, 14, 12 | 10, 15, 16, 16, 19 | 10, 17, 18, 18, 19 | 
01, 02, 03, 04, 20 | 21, 21, 21, 21, 20 | 07, 21, 08, 14, 20 | 15, 15, 22, 16, 20 | 10, 17, 17, 18, 19 | 
23, 23, 23, 23, 24 | 25, 23, 22, 24, 24 | 25, 25, 22, 14, 24 | 25, 15, 22, 16, 24 | 25, 17, 22, 18, 19 | 

 Solution #57: 


01, 02, 03, 04, 05 | 06, 06, 06, 06, 05 | 07, 06, 08, 05, 05 | 09, 09, 09, 09, 05 | 10, 11, 11, 11, 11 | 
01, 02, 03, 04, 12 | 13, 13, 13, 13, 12 | 07, 13, 08, 14, 12 | 07, 15, 09, 16, 12 | 10, 17, 11, 18, 19 | 
01, 02, 03, 04, 04 | 01, 02, 03, 14, 20 | 07, 08, 08, 14, 12 | 10, 15, 16, 16, 19 | 10, 17, 17, 18, 19 | 
01, 02, 03, 04, 20 | 21, 21, 21, 21, 20 | 07, 21, 08, 14, 20 | 15, 15, 22, 16, 20 | 10, 17, 18, 18, 19 | 
23, 23, 23, 23, 24 | 25, 23, 22, 24, 24 | 25, 25, 22, 14, 24 | 25, 15, 22, 16, 24 | 25, 17, 22, 18, 19 | 

 Solution #58: 


01, 02, 03, 04, 05 | 06, 06, 06, 06, 05 | 07, 06, 08, 05, 05 | 09, 09, 09, 09, 05 | 10, 11, 11, 11, 11 | 
01, 02, 03, 04, 12 | 13, 13, 13, 13, 12 | 07, 13, 08, 14, 12 | 07, 15, 09, 16, 12 | 10, 17, 11, 18, 19 | 
01, 02, 03, 04, 04 | 01, 02, 03, 14, 20 | 07, 08, 08, 14, 12 | 10, 15, 16, 16, 19 | 10, 17, 18, 18, 19 | 
01, 02, 03, 04, 20 | 21, 21, 21, 21, 20 | 07, 21, 08, 14, 20 | 22, 15, 15, 16, 20 | 10, 17, 17, 18, 19 | 
23, 23, 23, 23, 24 | 22, 23, 25, 24, 24 | 22, 25, 25, 14, 24 | 22, 15, 25, 16, 24 | 22, 17, 25, 18, 19 | 

 Solution #59: 


01, 02, 03, 04, 05 | 06, 06, 06, 06, 05 | 07, 06, 08, 05, 05 | 09, 09, 09, 09, 05 | 10, 11, 11, 11, 11 | 
01, 02, 03, 04, 12 | 13, 13, 13, 13, 12 | 07, 13, 08, 14, 12 | 07, 15, 09, 16, 12 | 10, 17, 11, 18, 19 | 
01, 02, 03, 04, 04 | 01, 02, 03, 14, 20 | 07, 08, 08, 14, 12 | 10, 15, 16, 16, 19 | 10, 17, 17, 18, 19 | 
01, 02, 03, 04, 20 | 21, 21, 21, 21, 20 | 07, 21, 08, 14, 20 | 22, 15, 15, 16, 20 | 10, 17, 18, 18, 19 | 
23, 23, 23, 23, 24 | 22, 23, 25, 24, 24 | 22, 25, 25, 14, 24 | 22, 15, 25, 16, 24 | 22, 17, 25, 18, 19 | 

 Solution #60: 


01, 02, 03, 04, 05 | 06, 06, 06, 06, 05 | 07, 06, 08, 05, 05 | 09, 09, 09, 09, 05 | 10, 11, 11, 11, 11 | 
01, 02, 03, 04, 12 | 13, 13, 13, 13, 12 | 07, 13, 08, 14, 12 | 07, 15, 09, 16, 12 | 10, 17, 11, 18, 19 | 
01, 02, 03, 04, 04 | 01, 02, 03, 14, 20 | 07, 08, 08, 14, 12 | 10, 15, 15, 16, 19 | 10, 17, 18, 18, 19 | 
01, 02, 03, 04, 20 | 21, 21, 21, 21, 20 | 07, 21, 08, 14, 20 | 22, 15, 16, 16, 20 | 10, 17, 17, 18, 19 | 
23, 23, 23, 23, 24 | 22, 23, 25, 24, 24 | 22, 25, 25, 14, 24 | 22, 15, 25, 16, 24 | 22, 17, 25, 18, 19 | 

 Solution #61: 


01, 02, 03, 04, 05 | 06, 06, 06, 06, 05 | 07, 06, 08, 05, 05 | 09, 09, 09, 09, 05 | 10, 11, 11, 11, 11 | 
01, 02, 03, 04, 12 | 13, 13, 13, 13, 12 | 07, 13, 08, 14, 12 | 07, 15, 09, 16, 12 | 10, 17, 11, 18, 19 | 
01, 02, 03, 04, 04 | 01, 02, 03, 14, 20 | 07, 08, 08, 14, 12 | 10, 15, 15, 16, 19 | 10, 17, 17, 18, 19 | 
01, 02, 03, 04, 20 | 21, 21, 21, 21, 20 | 07, 21, 08, 14, 20 | 22, 15, 16, 16, 20 | 10, 17, 18, 18, 19 | 
23, 23, 23, 23, 24 | 22, 23, 25, 24, 24 | 22, 25, 25, 14, 24 | 22, 15, 25, 16, 24 | 22, 17, 25, 18, 19 | 

 Solution #62: 


01, 02, 03, 04, 05 | 06, 06, 06, 06, 05 | 07, 06, 08, 05, 05 | 09, 09, 09, 09, 05 | 10, 11, 11, 11, 11 | 
01, 02, 03, 04, 12 | 13, 13, 13, 13, 12 | 07, 13, 08, 14, 12 | 07, 15, 09, 16, 12 | 10, 17, 11, 18, 19 | 
01, 02, 03, 04, 04 | 01, 02, 03, 14, 12 | 07, 08, 08, 14, 20 | 10, 15, 16, 16, 19 | 10, 17, 18, 18, 19 | 
01, 02, 03, 04, 20 | 21, 21, 21, 21, 20 | 07, 21, 08, 14, 20 | 15, 15, 22, 16, 20 | 10, 17, 17, 18, 19 | 
23, 23, 23, 23, 24 | 25, 23, 22, 24, 24 | 25, 25, 22, 14, 24 | 25, 15, 22, 16, 24 | 25, 17, 22, 18, 19 | 

 Solution #63: 


01, 02, 03, 04, 05 | 06, 06, 06, 06, 05 | 07, 06, 08, 05, 05 | 09, 09, 09, 09, 05 | 10, 11, 11, 11, 11 | 
01, 02, 03, 04, 12 | 13, 13, 13, 13, 12 | 07, 13, 08, 14, 12 | 07, 15, 09, 16, 12 | 10, 17, 11, 18, 19 | 
01, 02, 03, 04, 04 | 01, 02, 03, 14, 12 | 07, 08, 08, 14, 20 | 10, 15, 16, 16, 19 | 10, 17, 17, 18, 19 | 
01, 02, 03, 04, 20 | 21, 21, 21, 21, 20 | 07, 21, 08, 14, 20 | 15, 15, 22, 16, 20 | 10, 17, 18, 18, 19 | 
23, 23, 23, 23, 24 | 25, 23, 22, 24, 24 | 25, 25, 22, 14, 24 | 25, 15, 22, 16, 24 | 25, 17, 22, 18, 19 | 

 Solution #64: 


01, 02, 03, 04, 05 | 06, 06, 06, 06, 05 | 07, 06, 08, 05, 05 | 09, 09, 09, 09, 05 | 10, 11, 11, 11, 11 | 
01, 02, 03, 04, 12 | 13, 13, 13, 13, 12 | 07, 13, 08, 14, 12 | 07, 15, 09, 16, 12 | 10, 17, 11, 18, 19 | 
01, 02, 03, 04, 04 | 01, 02, 03, 14, 12 | 07, 08, 08, 14, 20 | 10, 15, 16, 16, 19 | 10, 17, 18, 18, 19 | 
01, 02, 03, 04, 20 | 21, 21, 21, 21, 20 | 07, 21, 08, 14, 20 | 22, 15, 15, 16, 20 | 10, 17, 17, 18, 19 | 
23, 23, 23, 23, 24 | 22, 23, 25, 24, 24 | 22, 25, 25, 14, 24 | 22, 15, 25, 16, 24 | 22, 17, 25, 18, 19 | 

 Solution #65: 


01, 02, 03, 04, 05 | 06, 06, 06, 06, 05 | 07, 06, 08, 05, 05 | 09, 09, 09, 09, 05 | 10, 11, 11, 11, 11 | 
01, 02, 03, 04, 12 | 13, 13, 13, 13, 12 | 07, 13, 08, 14, 12 | 07, 15, 09, 16, 12 | 10, 17, 11, 18, 19 | 
01, 02, 03, 04, 04 | 01, 02, 03, 14, 12 | 07, 08, 08, 14, 20 | 10, 15, 16, 16, 19 | 10, 17, 17, 18, 19 | 
01, 02, 03, 04, 20 | 21, 21, 21, 21, 20 | 07, 21, 08, 14, 20 | 22, 15, 15, 16, 20 | 10, 17, 18, 18, 19 | 
23, 23, 23, 23, 24 | 22, 23, 25, 24, 24 | 22, 25, 25, 14, 24 | 22, 15, 25, 16, 24 | 22, 17, 25, 18, 19 | 

 Solution #66: 


01, 02, 03, 04, 05 | 06, 06, 06, 06, 05 | 07, 06, 08, 05, 05 | 09, 09, 09, 09, 05 | 10, 11, 11, 11, 11 | 
01, 02, 03, 04, 12 | 13, 13, 13, 13, 12 | 07, 13, 08, 14, 12 | 07, 15, 09, 16, 12 | 10, 17, 11, 18, 19 | 
01, 02, 03, 04, 04 | 01, 02, 03, 14, 12 | 07, 08, 08, 14, 20 | 10, 15, 15, 16, 19 | 10, 17, 18, 18, 19 | 
01, 02, 03, 04, 20 | 21, 21, 21, 21, 20 | 07, 21, 08, 14, 20 | 22, 15, 16, 16, 20 | 10, 17, 17, 18, 19 | 
23, 23, 23, 23, 24 | 22, 23, 25, 24, 24 | 22, 25, 25, 14, 24 | 22, 15, 25, 16, 24 | 22, 17, 25, 18, 19 | 

 Solution #67: 


01, 02, 03, 04, 05 | 06, 06, 06, 06, 05 | 07, 06, 08, 05, 05 | 09, 09, 09, 09, 05 | 10, 11, 11, 11, 11 | 
01, 02, 03, 04, 12 | 13, 13, 13, 13, 12 | 07, 13, 08, 14, 12 | 07, 15, 09, 16, 12 | 10, 17, 11, 18, 19 | 
01, 02, 03, 04, 04 | 01, 02, 03, 14, 12 | 07, 08, 08, 14, 20 | 10, 15, 15, 16, 19 | 10, 17, 17, 18, 19 | 
01, 02, 03, 04, 20 | 21, 21, 21, 21, 20 | 07, 21, 08, 14, 20 | 22, 15, 16, 16, 20 | 10, 17, 18, 18, 19 | 
23, 23, 23, 23, 24 | 22, 23, 25, 24, 24 | 22, 25, 25, 14, 24 | 22, 15, 25, 16, 24 | 22, 17, 25, 18, 19 | 

 Solution #68: 


01, 02, 03, 04, 05 | 06, 06, 06, 06, 05 | 07, 06, 08, 05, 05 | 09, 09, 09, 09, 05 | 10, 11, 11, 11, 11 | 
01, 02, 03, 04, 12 | 13, 13, 13, 13, 12 | 07, 13, 08, 14, 12 | 07, 15, 09, 16, 12 | 10, 17, 11, 18, 19 | 
01, 02, 03, 04, 04 | 01, 02, 03, 14, 20 | 07, 15, 08, 14, 12 | 10, 15, 08, 16, 19 | 10, 17, 18, 18, 19 | 
01, 02, 03, 04, 20 | 21, 21, 21, 21, 20 | 07, 21, 08, 14, 20 | 22, 15, 16, 16, 20 | 10, 17, 17, 18, 19 | 
23, 23, 23, 23, 24 | 22, 23, 25, 24, 24 | 22, 25, 25, 14, 24 | 22, 15, 25, 16, 24 | 22, 17, 25, 18, 19 | 

 Solution #69: 


01, 02, 03, 04, 05 | 06, 06, 06, 06, 05 | 07, 06, 08, 05, 05 | 09, 09, 09, 09, 05 | 10, 11, 11, 11, 11 | 
01, 02, 03, 04, 12 | 13, 13, 13, 13, 12 | 07, 13, 08, 14, 12 | 07, 15, 09, 16, 12 | 10, 17, 11, 18, 19 | 
01, 02, 03, 04, 04 | 01, 02, 03, 14, 20 | 07, 15, 08, 14, 12 | 10, 15, 08, 16, 19 | 10, 17, 17, 18, 19 | 
01, 02, 03, 04, 20 | 21, 21, 21, 21, 20 | 07, 21, 08, 14, 20 | 22, 15, 16, 16, 20 | 10, 17, 18, 18, 19 | 
23, 23, 23, 23, 24 | 22, 23, 25, 24, 24 | 22, 25, 25, 14, 24 | 22, 15, 25, 16, 24 | 22, 17, 25, 18, 19 | 

 Solution #70: 


01, 02, 03, 04, 05 | 06, 06, 06, 06, 05 | 07, 06, 08, 05, 05 | 09, 09, 09, 09, 05 | 10, 11, 11, 11, 11 | 
01, 02, 03, 04, 12 | 13, 13, 13, 13, 12 | 07, 13, 08, 14, 12 | 07, 15, 09, 16, 12 | 10, 17, 11, 18, 19 | 
01, 02, 03, 04, 04 | 01, 02, 03, 14, 12 | 07, 15, 08, 14, 20 | 10, 15, 08, 16, 19 | 10, 17, 18, 18, 19 | 
01, 02, 03, 04, 20 | 21, 21, 21, 21, 20 | 07, 21, 08, 14, 20 | 22, 15, 16, 16, 20 | 10, 17, 17, 18, 19 | 
23, 23, 23, 23, 24 | 22, 23, 25, 24, 24 | 22, 25, 25, 14, 24 | 22, 15, 25, 16, 24 | 22, 17, 25, 18, 19 | 

 Solution #71: 


01, 02, 03, 04, 05 | 06, 06, 06, 06, 05 | 07, 06, 08, 05, 05 | 09, 09, 09, 09, 05 | 10, 11, 11, 11, 11 | 
01, 02, 03, 04, 12 | 13, 13, 13, 13, 12 | 07, 13, 08, 14, 12 | 07, 15, 09, 16, 12 | 10, 17, 11, 18, 19 | 
01, 02, 03, 04, 04 | 01, 02, 03, 14, 12 | 07, 15, 08, 14, 20 | 10, 15, 08, 16, 19 | 10, 17, 17, 18, 19 | 
01, 02, 03, 04, 20 | 21, 21, 21, 21, 20 | 07, 21, 08, 14, 20 | 22, 15, 16, 16, 20 | 10, 17, 18, 18, 19 | 
23, 23, 23, 23, 24 | 22, 23, 25, 24, 24 | 22, 25, 25, 14, 24 | 22, 15, 25, 16, 24 | 22, 17, 25, 18, 19 | 

 Solution #72: 


01, 02, 03, 04, 05 | 06, 06, 06, 06, 07 | 08, 09, 10, 11, 07 | 12, 13, 14, 07, 07 | 13, 13, 13, 13, 07 | 
01, 02, 03, 04, 05 | 08, 06, 10, 04, 05 | 08, 09, 10, 11, 11 | 12, 12, 14, 15, 16 | 17, 18, 18, 18, 18 | 
01, 02, 03, 04, 05 | 01, 02, 03, 19, 16 | 08, 09, 10, 11, 16 | 12, 09, 14, 15, 16 | 17, 17, 14, 18, 16 | 
01, 02, 03, 04, 05 | 20, 19, 19, 19, 19 | 08, 09, 10, 11, 21 | 12, 22, 14, 15, 15 | 17, 23, 23, 23, 23 | 
20, 24, 24, 24, 24 | 20, 22, 25, 24, 21 | 20, 22, 25, 25, 21 | 20, 22, 25, 15, 21 | 17, 22, 25, 23, 21 | 

 Solution #73: 


01, 02, 03, 04, 05 | 06, 06, 06, 06, 07 | 08, 09, 10, 11, 07 | 12, 13, 14, 07, 07 | 13, 13, 13, 13, 07 | 
01, 02, 03, 04, 05 | 08, 06, 10, 04, 05 | 08, 09, 10, 11, 11 | 12, 09, 14, 15, 16 | 17, 18, 18, 18, 18 | 
01, 02, 03, 04, 05 | 01, 02, 03, 19, 16 | 08, 09, 10, 11, 16 | 12, 12, 14, 15, 16 | 17, 17, 14, 18, 16 | 
01, 02, 03, 04, 05 | 20, 19, 19, 19, 19 | 08, 09, 10, 11, 21 | 12, 22, 14, 15, 15 | 17, 23, 23, 23, 23 | 
20, 24, 24, 24, 24 | 20, 22, 25, 24, 21 | 20, 22, 25, 25, 21 | 20, 22, 25, 15, 21 | 17, 22, 25, 23, 21 | 

 Solution #74: 


01, 02, 03, 04, 05 | 06, 06, 06, 06, 07 | 08, 09, 10, 07, 07 | 11, 12, 13, 14, 07 | 12, 12, 12, 12, 07 | 
01, 02, 03, 04, 05 | 08, 06, 10, 04, 05 | 08, 09, 10, 15, 16 | 11, 11, 13, 14, 14 | 17, 18, 18, 18, 18 | 
01, 02, 03, 04, 05 | 01, 02, 03, 19, 16 | 08, 09, 10, 15, 16 | 11, 09, 13, 14, 16 | 17, 17, 13, 18, 16 | 
01, 02, 03, 04, 05 | 20, 19, 19, 19, 19 | 08, 09, 10, 15, 15 | 11, 21, 13, 14, 22 | 17, 23, 23, 23, 23 | 
20, 24, 24, 24, 24 | 20, 21, 25, 24, 22 | 20, 21, 25, 15, 22 | 20, 21, 25, 25, 22 | 17, 21, 25, 23, 22 | 

 Solution #75: 


01, 02, 03, 04, 05 | 06, 06, 06, 06, 07 | 08, 09, 10, 07, 07 | 11, 12, 13, 14, 07 | 12, 12, 12, 12, 07 | 
01, 02, 03, 04, 05 | 08, 06, 10, 04, 05 | 08, 09, 10, 15, 16 | 11, 09, 13, 14, 14 | 17, 18, 18, 18, 18 | 
01, 02, 03, 04, 05 | 01, 02, 03, 19, 16 | 08, 09, 10, 15, 16 | 11, 11, 13, 14, 16 | 17, 17, 13, 18, 16 | 
01, 02, 03, 04, 05 | 20, 19, 19, 19, 19 | 08, 09, 10, 15, 15 | 11, 21, 13, 14, 22 | 17, 23, 23, 23, 23 | 
20, 24, 24, 24, 24 | 20, 21, 25, 24, 22 | 20, 21, 25, 15, 22 | 20, 21, 25, 25, 22 | 17, 21, 25, 23, 22 | 

 Solution #76: 


01, 02, 03, 04, 05 | 06, 06, 06, 06, 05 | 07, 07, 07, 07, 05 | 08, 07, 09, 10, 05 | 11, 11, 11, 11, 12 | 
01, 02, 03, 04, 13 | 08, 06, 14, 04, 05 | 08, 14, 14, 14, 14 | 08, 15, 09, 10, 12 | 08, 16, 11, 17, 12 | 
01, 02, 03, 04, 13 | 01, 02, 03, 18, 13 | 19, 18, 18, 18, 18 | 15, 15, 09, 10, 10 | 16, 16, 09, 17, 12 | 
01, 02, 03, 04, 13 | 19, 20, 20, 20, 20 | 19, 21, 21, 21, 21 | 19, 15, 09, 10, 22 | 19, 16, 17, 17, 12 | 
23, 23, 23, 23, 13 | 24, 23, 25, 20, 22 | 24, 24, 25, 21, 22 | 24, 15, 25, 25, 22 | 24, 16, 25, 17, 22 | 

 Solution #77: 


01, 02, 03, 04, 05 | 06, 06, 06, 06, 05 | 07, 07, 07, 07, 05 | 08, 07, 09, 10, 05 | 11, 11, 11, 11, 12 | 
01, 02, 03, 04, 13 | 08, 06, 14, 04, 05 | 08, 14, 14, 14, 14 | 08, 15, 09, 10, 10 | 08, 16, 11, 17, 12 | 
01, 02, 03, 04, 13 | 01, 02, 03, 18, 13 | 19, 18, 18, 18, 18 | 15, 15, 09, 10, 12 | 16, 16, 09, 17, 12 | 
01, 02, 03, 04, 13 | 19, 20, 20, 20, 20 | 19, 21, 21, 21, 21 | 19, 15, 09, 10, 22 | 19, 16, 17, 17, 12 | 
23, 23, 23, 23, 13 | 24, 23, 25, 20, 22 | 24, 24, 25, 21, 22 | 24, 15, 25, 25, 22 | 24, 16, 25, 17, 22 | 

 Solution #78: 


01, 02, 03, 04, 05 | 06, 04, 04, 04, 04 | 06, 07, 07, 07, 07 | 06, 06, 08, 07, 09 | 06, 10, 10, 10, 10 | 
01, 02, 03, 11, 05 | 12, 13, 11, 11, 14 | 12, 13, 15, 11, 16 | 12, 13, 08, 11, 09 | 12, 13, 17, 10, 18 | 
01, 02, 03, 05, 05 | 01, 02, 03, 14, 14 | 19, 13, 15, 16, 16 | 12, 08, 08, 09, 09 | 17, 17, 17, 17, 18 | 
01, 02, 03, 20, 05 | 19, 21, 15, 20, 14 | 19, 21, 15, 20, 16 | 19, 21, 08, 20, 09 | 19, 21, 22, 18, 18 | 
23, 24, 24, 24, 24 | 23, 23, 24, 20, 14 | 23, 21, 15, 25, 16 | 23, 25, 25, 25, 25 | 22, 22, 22, 22, 18 | 

 Solution #79: 


01, 02, 03, 04, 05 | 06, 04, 04, 04, 04 | 06, 07, 07, 07, 07 | 06, 06, 08, 07, 09 | 06, 10, 10, 10, 10 | 
01, 02, 03, 11, 05 | 12, 13, 11, 11, 14 | 12, 13, 15, 11, 16 | 12, 13, 08, 11, 09 | 12, 13, 17, 10, 18 | 
01, 02, 03, 05, 05 | 01, 02, 03, 14, 14 | 12, 13, 15, 16, 16 | 19, 08, 08, 09, 09 | 17, 17, 17, 17, 18 | 
01, 02, 03, 20, 05 | 19, 21, 15, 20, 14 | 19, 21, 15, 20, 16 | 19, 21, 08, 20, 09 | 19, 21, 22, 18, 18 | 
23, 24, 24, 24, 24 | 23, 23, 24, 20, 14 | 23, 21, 15, 25, 16 | 23, 25, 25, 25, 25 | 22, 22, 22, 22, 18 | 

 Solution #80: 


01, 02, 03, 04, 05 | 06, 04, 04, 04, 04 | 06, 07, 07, 07, 07 | 06, 06, 08, 07, 09 | 06, 10, 10, 10, 10 | 
01, 02, 03, 11, 05 | 12, 13, 11, 11, 14 | 12, 13, 15, 11, 16 | 12, 13, 08, 11, 09 | 12, 13, 08, 10, 17 | 
01, 02, 03, 05, 05 | 01, 02, 03, 14, 14 | 18, 13, 15, 16, 16 | 12, 19, 08, 09, 09 | 19, 19, 19, 19, 17 | 
01, 02, 03, 20, 05 | 18, 21, 15, 20, 14 | 18, 21, 15, 20, 16 | 18, 21, 08, 20, 09 | 18, 21, 22, 17, 17 | 
23, 24, 24, 24, 24 | 23, 23, 24, 20, 14 | 23, 21, 15, 25, 16 | 23, 25, 25, 25, 25 | 22, 22, 22, 22, 17 | 

 Solution #81: 


01, 02, 03, 04, 05 | 06, 04, 04, 04, 04 | 06, 07, 07, 07, 07 | 06, 06, 08, 07, 09 | 06, 10, 10, 10, 10 | 
01, 02, 03, 11, 05 | 12, 13, 11, 11, 14 | 12, 13, 15, 11, 16 | 12, 13, 08, 11, 09 | 12, 13, 08, 10, 17 | 
01, 02, 03, 05, 05 | 01, 02, 03, 14, 14 | 12, 13, 15, 16, 16 | 18, 19, 08, 09, 09 | 19, 19, 19, 19, 17 | 
01, 02, 03, 20, 05 | 18, 21, 15, 20, 14 | 18, 21, 15, 20, 16 | 18, 21, 08, 20, 09 | 18, 21, 22, 17, 17 | 
23, 24, 24, 24, 24 | 23, 23, 24, 20, 14 | 23, 21, 15, 25, 16 | 23, 25, 25, 25, 25 | 22, 22, 22, 22, 17 | 

 Solution #82: 


01, 02, 03, 04, 05 | 06, 04, 04, 04, 04 | 06, 07, 07, 07, 07 | 06, 06, 08, 07, 09 | 06, 10, 10, 10, 10 | 
01, 02, 03, 11, 05 | 12, 13, 08, 11, 14 | 12, 13, 08, 11, 11 | 12, 13, 08, 11, 09 | 12, 13, 08, 10, 15 | 
01, 02, 03, 05, 05 | 01, 02, 03, 16, 14 | 17, 16, 16, 16, 16 | 12, 13, 18, 09, 09 | 18, 18, 18, 18, 15 | 
01, 02, 03, 19, 05 | 17, 20, 19, 19, 14 | 17, 20, 20, 19, 14 | 17, 20, 21, 19, 09 | 17, 20, 22, 15, 15 | 
23, 24, 24, 24, 24 | 23, 23, 25, 24, 14 | 23, 25, 25, 25, 25 | 23, 21, 21, 21, 21 | 22, 22, 22, 22, 15 | 

 Solution #83: 


01, 02, 03, 04, 05 | 06, 04, 04, 04, 04 | 06, 07, 07, 07, 07 | 06, 06, 08, 07, 09 | 06, 10, 10, 10, 10 | 
01, 02, 03, 11, 05 | 12, 13, 08, 11, 14 | 12, 13, 08, 11, 11 | 12, 13, 08, 11, 09 | 12, 13, 08, 10, 15 | 
01, 02, 03, 05, 05 | 01, 02, 03, 16, 14 | 17, 16, 16, 16, 16 | 12, 13, 18, 09, 09 | 18, 18, 18, 18, 15 | 
01, 02, 03, 19, 05 | 17, 20, 19, 19, 14 | 17, 20, 20, 19, 14 | 17, 20, 21, 19, 09 | 17, 20, 22, 15, 15 | 
23, 24, 24, 24, 24 | 23, 23, 24, 25, 14 | 23, 25, 25, 25, 25 | 23, 21, 21, 21, 21 | 22, 22, 22, 22, 15 | 

 Solution #84: 


01, 02, 03, 04, 05 | 06, 04, 04, 04, 04 | 06, 07, 07, 07, 07 | 06, 06, 08, 07, 09 | 06, 10, 10, 10, 10 | 
01, 02, 03, 11, 05 | 12, 13, 08, 11, 14 | 12, 13, 08, 11, 11 | 12, 13, 08, 11, 09 | 12, 13, 08, 10, 15 | 
01, 02, 03, 05, 05 | 01, 02, 03, 16, 14 | 12, 16, 16, 16, 16 | 17, 13, 18, 09, 09 | 18, 18, 18, 18, 15 | 
01, 02, 03, 19, 05 | 17, 20, 19, 19, 14 | 17, 20, 20, 19, 14 | 17, 20, 21, 19, 09 | 17, 20, 22, 15, 15 | 
23, 24, 24, 24, 24 | 23, 23, 25, 24, 14 | 23, 25, 25, 25, 25 | 23, 21, 21, 21, 21 | 22, 22, 22, 22, 15 | 

 Solution #85: 


01, 02, 03, 04, 05 | 06, 04, 04, 04, 04 | 06, 07, 07, 07, 07 | 06, 06, 08, 07, 09 | 06, 10, 10, 10, 10 | 
01, 02, 03, 11, 05 | 12, 13, 08, 11, 14 | 12, 13, 08, 11, 11 | 12, 13, 08, 11, 09 | 12, 13, 08, 10, 15 | 
01, 02, 03, 05, 05 | 01, 02, 03, 16, 14 | 12, 16, 16, 16, 16 | 17, 13, 18, 09, 09 | 18, 18, 18, 18, 15 | 
01, 02, 03, 19, 05 | 17, 20, 19, 19, 14 | 17, 20, 20, 19, 14 | 17, 20, 21, 19, 09 | 17, 20, 22, 15, 15 | 
23, 24, 24, 24, 24 | 23, 23, 24, 25, 14 | 23, 25, 25, 25, 25 | 23, 21, 21, 21, 21 | 22, 22, 22, 22, 15 | 

 Solution #86: 


01, 02, 03, 04, 05 | 06, 04, 04, 04, 04 | 06, 07, 07, 07, 07 | 06, 06, 08, 07, 09 | 06, 10, 10, 10, 10 | 
01, 02, 03, 11, 05 | 12, 13, 08, 11, 14 | 12, 13, 08, 11, 09 | 12, 13, 08, 11, 09 | 12, 13, 08, 10, 15 | 
01, 02, 03, 05, 05 | 01, 02, 03, 11, 14 | 16, 17, 17, 17, 17 | 12, 13, 18, 17, 09 | 18, 18, 18, 18, 15 | 
01, 02, 03, 19, 05 | 16, 20, 19, 19, 14 | 16, 20, 20, 19, 14 | 16, 20, 21, 19, 09 | 16, 20, 22, 15, 15 | 
23, 24, 24, 24, 24 | 23, 23, 25, 24, 14 | 23, 25, 25, 25, 25 | 23, 21, 21, 21, 21 | 22, 22, 22, 22, 15 | 

 Solution #87: 


01, 02, 03, 04, 05 | 06, 04, 04, 04, 04 | 06, 07, 07, 07, 07 | 06, 06, 08, 07, 09 | 06, 10, 10, 10, 10 | 
01, 02, 03, 11, 05 | 12, 13, 08, 11, 14 | 12, 13, 08, 11, 09 | 12, 13, 08, 11, 09 | 12, 13, 08, 10, 15 | 
01, 02, 03, 05, 05 | 01, 02, 03, 11, 14 | 16, 17, 17, 17, 17 | 12, 13, 18, 17, 09 | 18, 18, 18, 18, 15 | 
01, 02, 03, 19, 05 | 16, 20, 19, 19, 14 | 16, 20, 20, 19, 14 | 16, 20, 21, 19, 09 | 16, 20, 22, 15, 15 | 
23, 24, 24, 24, 24 | 23, 23, 24, 25, 14 | 23, 25, 25, 25, 25 | 23, 21, 21, 21, 21 | 22, 22, 22, 22, 15 | 

 Solution #88: 


01, 02, 03, 04, 05 | 06, 04, 04, 04, 04 | 06, 07, 07, 07, 07 | 06, 06, 08, 07, 09 | 06, 10, 10, 10, 10 | 
01, 02, 03, 11, 05 | 12, 13, 08, 11, 14 | 12, 13, 08, 11, 09 | 12, 13, 08, 11, 09 | 12, 13, 08, 10, 15 | 
01, 02, 03, 05, 05 | 01, 02, 03, 11, 14 | 12, 16, 16, 16, 16 | 17, 13, 18, 16, 09 | 18, 18, 18, 18, 15 | 
01, 02, 03, 19, 05 | 17, 20, 19, 19, 14 | 17, 20, 20, 19, 14 | 17, 20, 21, 19, 09 | 17, 20, 22, 15, 15 | 
23, 24, 24, 24, 24 | 23, 23, 25, 24, 14 | 23, 25, 25, 25, 25 | 23, 21, 21, 21, 21 | 22, 22, 22, 22, 15 | 

 Solution #89: 


01, 02, 03, 04, 05 | 06, 04, 04, 04, 04 | 06, 07, 07, 07, 07 | 06, 06, 08, 07, 09 | 06, 10, 10, 10, 10 | 
01, 02, 03, 11, 05 | 12, 13, 08, 11, 14 | 12, 13, 08, 11, 09 | 12, 13, 08, 11, 09 | 12, 13, 08, 10, 15 | 
01, 02, 03, 05, 05 | 01, 02, 03, 11, 14 | 12, 16, 16, 16, 16 | 17, 13, 18, 16, 09 | 18, 18, 18, 18, 15 | 
01, 02, 03, 19, 05 | 17, 20, 19, 19, 14 | 17, 20, 20, 19, 14 | 17, 20, 21, 19, 09 | 17, 20, 22, 15, 15 | 
23, 24, 24, 24, 24 | 23, 23, 24, 25, 14 | 23, 25, 25, 25, 25 | 23, 21, 21, 21, 21 | 22, 22, 22, 22, 15 | 

 Solution #90: 


01, 02, 03, 04, 05 | 06, 04, 04, 04, 04 | 06, 06, 07, 08, 09 | 06, 08, 08, 08, 08 | 06, 10, 10, 10, 10 | 
01, 02, 03, 11, 05 | 12, 11, 11, 11, 11 | 12, 13, 07, 14, 09 | 12, 15, 15, 15, 15 | 12, 16, 10, 17, 18 | 
01, 02, 03, 05, 05 | 01, 02, 03, 14, 09 | 19, 13, 07, 14, 09 | 12, 13, 07, 15, 18 | 16, 16, 17, 17, 18 | 
01, 02, 03, 20, 05 | 19, 20, 20, 20, 20 | 19, 13, 07, 14, 09 | 19, 21, 21, 21, 21 | 19, 16, 21, 17, 18 | 
22, 22, 22, 22, 23 | 24, 22, 25, 23, 23 | 24, 13, 25, 14, 23 | 24, 24, 25, 25, 23 | 24, 16, 25, 17, 18 | 

 Solution #91: 


01, 02, 03, 04, 05 | 06, 04, 04, 04, 04 | 06, 06, 07, 08, 09 | 06, 08, 08, 08, 08 | 06, 10, 10, 10, 10 | 
01, 02, 03, 11, 05 | 12, 11, 11, 11, 11 | 12, 13, 07, 14, 09 | 12, 15, 15, 15, 15 | 12, 16, 10, 17, 18 | 
01, 02, 03, 05, 05 | 01, 02, 03, 14, 09 | 12, 13, 07, 14, 09 | 19, 13, 07, 15, 18 | 16, 16, 17, 17, 18 | 
01, 02, 03, 20, 05 | 19, 20, 20, 20, 20 | 19, 13, 07, 14, 09 | 19, 21, 21, 21, 21 | 19, 16, 21, 17, 18 | 
22, 22, 22, 22, 23 | 24, 22, 25, 23, 23 | 24, 13, 25, 14, 23 | 24, 24, 25, 25, 23 | 24, 16, 25, 17, 18 | 

 Solution #92: 


01, 02, 03, 04, 05 | 06, 04, 04, 04, 04 | 06, 06, 07, 08, 09 | 06, 07, 07, 07, 07 | 06, 10, 10, 10, 10 | 
01, 02, 03, 08, 05 | 11, 12, 13, 08, 14 | 11, 12, 13, 08, 09 | 11, 12, 13, 08, 15 | 11, 12, 13, 10, 16 | 
01, 02, 03, 05, 05 | 01, 02, 03, 14, 14 | 17, 18, 13, 09, 09 | 11, 12, 19, 15, 15 | 19, 19, 19, 19, 16 | 
01, 02, 03, 20, 05 | 17, 18, 21, 20, 14 | 17, 18, 21, 20, 09 | 17, 18, 21, 20, 15 | 17, 18, 21, 16, 16 | 
22, 23, 23, 23, 23 | 22, 22, 23, 20, 14 | 22, 24, 24, 24, 24 | 22, 25, 21, 24, 15 | 25, 25, 25, 25, 16 | 

 Solution #93: 


01, 02, 03, 04, 05 | 06, 04, 04, 04, 04 | 06, 06, 07, 08, 09 | 06, 07, 07, 07, 07 | 06, 10, 10, 10, 10 | 
01, 02, 03, 08, 05 | 11, 12, 13, 08, 14 | 11, 12, 13, 08, 09 | 11, 12, 13, 08, 15 | 11, 12, 13, 10, 16 | 
01, 02, 03, 05, 05 | 01, 02, 03, 14, 14 | 17, 12, 18, 09, 09 | 11, 19, 13, 15, 15 | 19, 19, 19, 19, 16 | 
01, 02, 03, 20, 05 | 17, 21, 18, 20, 14 | 17, 21, 18, 20, 09 | 17, 21, 18, 20, 15 | 17, 21, 18, 16, 16 | 
22, 23, 23, 23, 23 | 22, 22, 23, 20, 14 | 22, 24, 24, 24, 24 | 22, 21, 25, 24, 15 | 25, 25, 25, 25, 16 | 

 Solution #94: 


01, 02, 03, 04, 05 | 06, 04, 04, 04, 04 | 06, 06, 07, 08, 09 | 06, 07, 07, 07, 07 | 06, 10, 10, 10, 10 | 
01, 02, 03, 08, 05 | 11, 12, 13, 08, 14 | 11, 12, 13, 08, 09 | 11, 12, 13, 08, 15 | 11, 12, 13, 10, 16 | 
01, 02, 03, 05, 05 | 01, 02, 03, 14, 14 | 17, 12, 13, 09, 09 | 11, 18, 19, 15, 15 | 18, 18, 18, 18, 16 | 
01, 02, 03, 20, 05 | 17, 21, 19, 20, 14 | 17, 21, 19, 20, 09 | 17, 21, 19, 20, 15 | 17, 21, 19, 16, 16 | 
22, 23, 23, 23, 23 | 22, 22, 23, 20, 14 | 22, 24, 24, 24, 24 | 22, 21, 25, 24, 15 | 25, 25, 25, 25, 16 | 

 Solution #95: 


01, 02, 03, 04, 05 | 06, 04, 04, 04, 04 | 06, 06, 07, 08, 09 | 06, 07, 07, 07, 07 | 06, 10, 10, 10, 10 | 
01, 02, 03, 08, 05 | 11, 12, 13, 08, 14 | 11, 12, 13, 08, 09 | 11, 12, 13, 08, 15 | 11, 12, 13, 10, 16 | 
01, 02, 03, 05, 05 | 01, 02, 03, 14, 14 | 17, 12, 13, 09, 09 | 11, 18, 19, 15, 15 | 19, 19, 19, 19, 16 | 
01, 02, 03, 20, 05 | 17, 18, 21, 20, 14 | 17, 18, 21, 20, 09 | 17, 18, 21, 20, 15 | 17, 18, 21, 16, 16 | 
22, 23, 23, 23, 23 | 22, 22, 23, 20, 14 | 22, 24, 24, 24, 24 | 22, 25, 21, 24, 15 | 25, 25, 25, 25, 16 | 

 Solution #96: 


01, 02, 03, 04, 05 | 06, 04, 04, 04, 04 | 06, 06, 07, 08, 09 | 06, 07, 07, 07, 07 | 06, 10, 10, 10, 10 | 
01, 02, 03, 08, 05 | 11, 12, 13, 08, 14 | 11, 12, 13, 08, 09 | 11, 12, 13, 08, 15 | 11, 12, 13, 10, 16 | 
01, 02, 03, 05, 05 | 01, 02, 03, 14, 14 | 11, 17, 13, 09, 09 | 18, 12, 19, 15, 15 | 19, 19, 19, 19, 16 | 
01, 02, 03, 20, 05 | 18, 17, 21, 20, 14 | 18, 17, 21, 20, 09 | 18, 17, 21, 20, 15 | 18, 17, 21, 16, 16 | 
22, 23, 23, 23, 23 | 22, 22, 23, 20, 14 | 22, 24, 24, 24, 24 | 22, 25, 21, 24, 15 | 25, 25, 25, 25, 16 | 

 Solution #97: 


01, 02, 03, 04, 05 | 06, 04, 04, 04, 04 | 06, 06, 07, 08, 09 | 06, 07, 07, 07, 07 | 06, 10, 10, 10, 10 | 
01, 02, 03, 08, 05 | 11, 12, 13, 08, 14 | 11, 12, 13, 08, 09 | 11, 12, 13, 08, 15 | 11, 12, 13, 10, 16 | 
01, 02, 03, 05, 05 | 01, 02, 03, 14, 14 | 11, 12, 17, 09, 09 | 18, 19, 13, 15, 15 | 19, 19, 19, 19, 16 | 
01, 02, 03, 20, 05 | 18, 21, 17, 20, 14 | 18, 21, 17, 20, 09 | 18, 21, 17, 20, 15 | 18, 21, 17, 16, 16 | 
22, 23, 23, 23, 23 | 22, 22, 23, 20, 14 | 22, 24, 24, 24, 24 | 22, 21, 25, 24, 15 | 25, 25, 25, 25, 16 | 

 Solution #98: 


01, 02, 03, 04, 05 | 06, 04, 04, 04, 04 | 06, 06, 07, 08, 09 | 06, 07, 07, 07, 07 | 06, 10, 10, 10, 10 | 
01, 02, 03, 08, 05 | 11, 12, 13, 08, 14 | 11, 12, 13, 08, 09 | 11, 12, 13, 08, 15 | 11, 12, 13, 10, 16 | 
01, 02, 03, 05, 05 | 01, 02, 03, 14, 14 | 11, 12, 13, 09, 09 | 17, 18, 19, 15, 15 | 18, 18, 18, 18, 16 | 
01, 02, 03, 20, 05 | 17, 21, 19, 20, 14 | 17, 21, 19, 20, 09 | 17, 21, 19, 20, 15 | 17, 21, 19, 16, 16 | 
22, 23, 23, 23, 23 | 22, 22, 23, 20, 14 | 22, 24, 24, 24, 24 | 22, 21, 25, 24, 15 | 25, 25, 25, 25, 16 | 

 Solution #99: 


01, 02, 03, 04, 05 | 06, 04, 04, 04, 04 | 06, 06, 07, 08, 09 | 06, 07, 07, 07, 07 | 06, 10, 10, 10, 10 | 
01, 02, 03, 08, 05 | 11, 12, 13, 08, 14 | 11, 12, 13, 08, 09 | 11, 12, 13, 08, 15 | 11, 12, 13, 10, 16 | 
01, 02, 03, 05, 05 | 01, 02, 03, 14, 14 | 11, 12, 13, 09, 09 | 17, 18, 19, 15, 15 | 19, 19, 19, 19, 16 | 
01, 02, 03, 20, 05 | 17, 18, 21, 20, 14 | 17, 18, 21, 20, 09 | 17, 18, 21, 20, 15 | 17, 18, 21, 16, 16 | 
22, 23, 23, 23, 23 | 22, 22, 23, 20, 14 | 22, 24, 24, 24, 24 | 22, 25, 21, 24, 15 | 25, 25, 25, 25, 16 | 

 Solution #100: 


01, 02, 03, 04, 05 | 06, 04, 04, 04, 04 | 06, 07, 07, 07, 07 | 06, 06, 08, 07, 09 | 06, 08, 08, 08, 08 | 
01, 02, 03, 05, 05 | 10, 11, 12, 13, 14 | 10, 11, 12, 13, 13 | 10, 11, 12, 13, 09 | 10, 11, 12, 13, 15 | 
01, 02, 03, 16, 05 | 01, 02, 03, 16, 14 | 17, 11, 16, 16, 09 | 10, 18, 12, 16, 09 | 18, 18, 18, 18, 15 | 
01, 02, 03, 19, 05 | 17, 20, 19, 19, 14 | 17, 20, 20, 19, 14 | 17, 20, 21, 19, 09 | 17, 20, 22, 15, 15 | 
23, 24, 24, 24, 24 | 23, 23, 25, 24, 14 | 23, 25, 25, 25, 25 | 23, 21, 21, 21, 21 | 22, 22, 22, 22, 15 | 

 Solution #101: 


01, 02, 03, 04, 05 | 06, 04, 04, 04, 04 | 06, 07, 07, 07, 07 | 06, 06, 08, 07, 09 | 06, 08, 08, 08, 08 | 
01, 02, 03, 05, 05 | 10, 11, 12, 13, 14 | 10, 11, 12, 13, 13 | 10, 11, 12, 13, 09 | 10, 11, 12, 13, 15 | 
01, 02, 03, 16, 05 | 01, 02, 03, 16, 14 | 17, 11, 16, 16, 09 | 10, 18, 12, 16, 09 | 18, 18, 18, 18, 15 | 
01, 02, 03, 19, 05 | 17, 20, 19, 19, 14 | 17, 20, 20, 19, 14 | 17, 20, 21, 19, 09 | 17, 20, 22, 15, 15 | 
23, 24, 24, 24, 24 | 23, 23, 24, 25, 14 | 23, 25, 25, 25, 25 | 23, 21, 21, 21, 21 | 22, 22, 22, 22, 15 | 

 Solution #102: 


01, 02, 03, 04, 05 | 06, 04, 04, 04, 04 | 06, 07, 07, 07, 07 | 06, 06, 08, 07, 09 | 06, 08, 08, 08, 08 | 
01, 02, 03, 05, 05 | 10, 11, 12, 13, 14 | 10, 11, 12, 13, 13 | 10, 11, 12, 13, 09 | 10, 11, 12, 13, 15 | 
01, 02, 03, 16, 05 | 01, 02, 03, 16, 14 | 10, 11, 16, 16, 09 | 17, 18, 12, 16, 09 | 18, 18, 18, 18, 15 | 
01, 02, 03, 19, 05 | 17, 20, 19, 19, 14 | 17, 20, 20, 19, 14 | 17, 20, 21, 19, 09 | 17, 20, 22, 15, 15 | 
23, 24, 24, 24, 24 | 23, 23, 25, 24, 14 | 23, 25, 25, 25, 25 | 23, 21, 21, 21, 21 | 22, 22, 22, 22, 15 | 

 Solution #103: 


01, 02, 03, 04, 05 | 06, 04, 04, 04, 04 | 06, 07, 07, 07, 07 | 06, 06, 08, 07, 09 | 06, 08, 08, 08, 08 | 
01, 02, 03, 05, 05 | 10, 11, 12, 13, 14 | 10, 11, 12, 13, 13 | 10, 11, 12, 13, 09 | 10, 11, 12, 13, 15 | 
01, 02, 03, 16, 05 | 01, 02, 03, 16, 14 | 10, 11, 16, 16, 09 | 17, 18, 12, 16, 09 | 18, 18, 18, 18, 15 | 
01, 02, 03, 19, 05 | 17, 20, 19, 19, 14 | 17, 20, 20, 19, 14 | 17, 20, 21, 19, 09 | 17, 20, 22, 15, 15 | 
23, 24, 24, 24, 24 | 23, 23, 24, 25, 14 | 23, 25, 25, 25, 25 | 23, 21, 21, 21, 21 | 22, 22, 22, 22, 15 | 

 Solution #104: 


01, 02, 03, 04, 05 | 06, 04, 04, 04, 04 | 06, 07, 07, 07, 07 | 06, 06, 07, 08, 09 | 06, 08, 08, 08, 08 | 
01, 02, 03, 05, 05 | 10, 11, 12, 13, 14 | 10, 11, 12, 13, 13 | 10, 11, 12, 13, 09 | 10, 11, 12, 13, 15 | 
01, 02, 03, 16, 05 | 01, 02, 03, 16, 14 | 17, 11, 16, 16, 09 | 10, 18, 12, 16, 09 | 18, 18, 18, 18, 15 | 
01, 02, 03, 19, 05 | 17, 20, 19, 19, 14 | 17, 20, 20, 19, 14 | 17, 20, 21, 19, 09 | 17, 20, 22, 15, 15 | 
23, 24, 24, 24, 24 | 23, 23, 25, 24, 14 | 23, 25, 25, 25, 25 | 23, 21, 21, 21, 21 | 22, 22, 22, 22, 15 | 

 Solution #105: 


01, 02, 03, 04, 05 | 06, 04, 04, 04, 04 | 06, 07, 07, 07, 07 | 06, 06, 07, 08, 09 | 06, 08, 08, 08, 08 | 
01, 02, 03, 05, 05 | 10, 11, 12, 13, 14 | 10, 11, 12, 13, 13 | 10, 11, 12, 13, 09 | 10, 11, 12, 13, 15 | 
01, 02, 03, 16, 05 | 01, 02, 03, 16, 14 | 17, 11, 16, 16, 09 | 10, 18, 12, 16, 09 | 18, 18, 18, 18, 15 | 
01, 02, 03, 19, 05 | 17, 20, 19, 19, 14 | 17, 20, 20, 19, 14 | 17, 20, 21, 19, 09 | 17, 20, 22, 15, 15 | 
23, 24, 24, 24, 24 | 23, 23, 24, 25, 14 | 23, 25, 25, 25, 25 | 23, 21, 21, 21, 21 | 22, 22, 22, 22, 15 | 

 Solution #106: 


01, 02, 03, 04, 05 | 06, 04, 04, 04, 04 | 06, 07, 07, 07, 07 | 06, 06, 07, 08, 09 | 06, 08, 08, 08, 08 | 
01, 02, 03, 05, 05 | 10, 11, 12, 13, 14 | 10, 11, 12, 13, 13 | 10, 11, 12, 13, 09 | 10, 11, 12, 13, 15 | 
01, 02, 03, 16, 05 | 01, 02, 03, 16, 14 | 10, 11, 16, 16, 09 | 17, 18, 12, 16, 09 | 18, 18, 18, 18, 15 | 
01, 02, 03, 19, 05 | 17, 20, 19, 19, 14 | 17, 20, 20, 19, 14 | 17, 20, 21, 19, 09 | 17, 20, 22, 15, 15 | 
23, 24, 24, 24, 24 | 23, 23, 25, 24, 14 | 23, 25, 25, 25, 25 | 23, 21, 21, 21, 21 | 22, 22, 22, 22, 15 | 

 Solution #107: 


01, 02, 03, 04, 05 | 06, 04, 04, 04, 04 | 06, 07, 07, 07, 07 | 06, 06, 07, 08, 09 | 06, 08, 08, 08, 08 | 
01, 02, 03, 05, 05 | 10, 11, 12, 13, 14 | 10, 11, 12, 13, 13 | 10, 11, 12, 13, 09 | 10, 11, 12, 13, 15 | 
01, 02, 03, 16, 05 | 01, 02, 03, 16, 14 | 10, 11, 16, 16, 09 | 17, 18, 12, 16, 09 | 18, 18, 18, 18, 15 | 
01, 02, 03, 19, 05 | 17, 20, 19, 19, 14 | 17, 20, 20, 19, 14 | 17, 20, 21, 19, 09 | 17, 20, 22, 15, 15 | 
23, 24, 24, 24, 24 | 23, 23, 24, 25, 14 | 23, 25, 25, 25, 25 | 23, 21, 21, 21, 21 | 22, 22, 22, 22, 15 | 

 Solution #108: 


01, 02, 03, 04, 05 | 06, 04, 04, 04, 04 | 06, 07, 07, 07, 07 | 06, 06, 08, 07, 09 | 06, 10, 10, 10, 10 | 
01, 02, 03, 05, 05 | 11, 12, 13, 14, 15 | 11, 12, 14, 14, 16 | 11, 12, 08, 14, 09 | 11, 12, 10, 14, 17 | 
01, 02, 03, 03, 05 | 01, 02, 13, 15, 15 | 18, 12, 08, 16, 16 | 11, 19, 08, 09, 09 | 19, 19, 19, 19, 17 | 
01, 02, 03, 20, 05 | 18, 21, 13, 20, 15 | 18, 21, 13, 20, 16 | 18, 21, 08, 20, 09 | 18, 21, 22, 17, 17 | 
23, 24, 24, 24, 24 | 23, 23, 13, 24, 15 | 23, 21, 25, 20, 16 | 23, 25, 25, 25, 25 | 22, 22, 22, 22, 17 | 

 Solution #109: 


01, 02, 03, 04, 05 | 06, 04, 04, 04, 04 | 06, 07, 07, 07, 07 | 06, 06, 08, 07, 09 | 06, 10, 10, 10, 10 | 
01, 02, 03, 05, 05 | 11, 12, 13, 14, 15 | 11, 12, 14, 14, 16 | 11, 12, 08, 14, 09 | 11, 12, 10, 14, 17 | 
01, 02, 03, 03, 05 | 01, 02, 13, 15, 15 | 11, 12, 08, 16, 16 | 18, 19, 08, 09, 09 | 19, 19, 19, 19, 17 | 
01, 02, 03, 20, 05 | 18, 21, 13, 20, 15 | 18, 21, 13, 20, 16 | 18, 21, 08, 20, 09 | 18, 21, 22, 17, 17 | 
23, 24, 24, 24, 24 | 23, 23, 13, 24, 15 | 23, 21, 25, 20, 16 | 23, 25, 25, 25, 25 | 22, 22, 22, 22, 17 | 

 Solution #110: 


01, 02, 03, 04, 05 | 06, 04, 04, 04, 04 | 06, 07, 07, 07, 07 | 06, 06, 08, 07, 09 | 06, 10, 10, 10, 10 | 
01, 02, 03, 05, 05 | 11, 12, 13, 14, 15 | 11, 12, 16, 14, 14 | 11, 12, 08, 14, 09 | 11, 12, 10, 14, 17 | 
01, 02, 03, 03, 05 | 01, 02, 13, 15, 15 | 16, 16, 16, 16, 09 | 11, 12, 08, 08, 09 | 18, 18, 18, 18, 17 | 
01, 02, 03, 19, 05 | 20, 13, 13, 21, 15 | 20, 21, 21, 21, 21 | 20, 20, 08, 22, 09 | 20, 23, 18, 17, 17 | 
24, 19, 19, 19, 19 | 24, 24, 13, 25, 15 | 24, 25, 25, 25, 25 | 24, 22, 22, 22, 22 | 23, 23, 23, 23, 17 | 

 Solution #111: 


01, 02, 03, 04, 05 | 06, 04, 04, 04, 04 | 06, 07, 07, 07, 07 | 06, 06, 08, 07, 09 | 06, 10, 10, 10, 10 | 
01, 02, 03, 05, 05 | 11, 12, 13, 14, 15 | 11, 12, 16, 14, 14 | 11, 12, 08, 14, 09 | 11, 12, 10, 14, 17 | 
01, 02, 03, 03, 05 | 01, 02, 13, 15, 15 | 16, 16, 16, 16, 09 | 11, 12, 08, 08, 09 | 18, 18, 18, 18, 17 | 
01, 02, 03, 19, 05 | 20, 13, 13, 21, 15 | 20, 21, 21, 21, 21 | 20, 20, 08, 22, 09 | 20, 18, 23, 17, 17 | 
24, 19, 19, 19, 19 | 24, 24, 13, 25, 15 | 24, 25, 25, 25, 25 | 24, 22, 22, 22, 22 | 23, 23, 23, 23, 17 | 

 Solution #112: 


01, 02, 03, 04, 05 | 06, 04, 04, 04, 04 | 06, 07, 07, 07, 07 | 06, 06, 08, 07, 09 | 06, 10, 10, 10, 10 | 
01, 02, 03, 05, 05 | 11, 12, 13, 14, 15 | 11, 12, 12, 14, 14 | 11, 12, 08, 14, 09 | 11, 12, 10, 14, 16 | 
01, 02, 03, 03, 05 | 01, 02, 13, 15, 15 | 17, 17, 17, 17, 09 | 11, 17, 08, 08, 09 | 18, 18, 18, 18, 16 | 
01, 02, 03, 19, 05 | 20, 13, 13, 21, 15 | 20, 21, 21, 21, 21 | 20, 20, 08, 22, 09 | 20, 23, 18, 16, 16 | 
24, 19, 19, 19, 19 | 24, 24, 13, 25, 15 | 24, 25, 25, 25, 25 | 24, 22, 22, 22, 22 | 23, 23, 23, 23, 16 | 

 Solution #113: 


01, 02, 03, 04, 05 | 06, 04, 04, 04, 04 | 06, 07, 07, 07, 07 | 06, 06, 08, 07, 09 | 06, 10, 10, 10, 10 | 
01, 02, 03, 05, 05 | 11, 12, 13, 14, 15 | 11, 12, 12, 14, 14 | 11, 12, 08, 14, 09 | 11, 12, 10, 14, 16 | 
01, 02, 03, 03, 05 | 01, 02, 13, 15, 15 | 17, 17, 17, 17, 09 | 11, 17, 08, 08, 09 | 18, 18, 18, 18, 16 | 
01, 02, 03, 19, 05 | 20, 13, 13, 21, 15 | 20, 21, 21, 21, 21 | 20, 20, 08, 22, 09 | 20, 18, 23, 16, 16 | 
24, 19, 19, 19, 19 | 24, 24, 13, 25, 15 | 24, 25, 25, 25, 25 | 24, 22, 22, 22, 22 | 23, 23, 23, 23, 16 | 

 Solution #114: 


01, 02, 03, 04, 05 | 06, 04, 04, 04, 04 | 06, 07, 07, 07, 07 | 06, 06, 07, 08, 09 | 06, 10, 10, 10, 10 | 
01, 02, 03, 05, 05 | 11, 12, 13, 08, 14 | 11, 12, 15, 08, 09 | 11, 12, 12, 08, 09 | 11, 12, 10, 08, 16 | 
01, 02, 03, 03, 05 | 01, 02, 13, 17, 14 | 11, 15, 15, 15, 15 | 18, 18, 18, 18, 09 | 19, 19, 19, 19, 16 | 
01, 02, 03, 17, 05 | 20, 13, 13, 17, 14 | 20, 20, 21, 17, 14 | 20, 18, 22, 17, 09 | 20, 23, 19, 16, 16 | 
24, 25, 25, 25, 25 | 24, 24, 13, 25, 14 | 24, 21, 21, 21, 21 | 24, 22, 22, 22, 22 | 23, 23, 23, 23, 16 | 

 Solution #115: 


01, 02, 03, 04, 05 | 06, 04, 04, 04, 04 | 06, 07, 07, 07, 07 | 06, 06, 07, 08, 09 | 06, 10, 10, 10, 10 | 
01, 02, 03, 05, 05 | 11, 12, 13, 08, 14 | 11, 12, 15, 08, 09 | 11, 12, 12, 08, 09 | 11, 12, 10, 08, 16 | 
01, 02, 03, 03, 05 | 01, 02, 13, 17, 14 | 11, 15, 15, 15, 15 | 18, 18, 18, 18, 09 | 19, 19, 19, 19, 16 | 
01, 02, 03, 17, 05 | 20, 13, 13, 17, 14 | 20, 20, 21, 17, 14 | 20, 18, 22, 17, 09 | 20, 19, 23, 16, 16 | 
24, 25, 25, 25, 25 | 24, 24, 13, 25, 14 | 24, 21, 21, 21, 21 | 24, 22, 22, 22, 22 | 23, 23, 23, 23, 16 | 

 Solution #116: 


01, 02, 03, 04, 05 | 06, 04, 04, 04, 04 | 06, 07, 07, 07, 07 | 06, 06, 07, 08, 09 | 06, 10, 10, 10, 10 | 
01, 02, 03, 05, 05 | 11, 12, 13, 08, 14 | 11, 12, 15, 08, 09 | 11, 12, 12, 08, 09 | 11, 12, 10, 08, 16 | 
01, 02, 03, 03, 05 | 01, 02, 13, 14, 14 | 11, 15, 15, 15, 15 | 17, 17, 17, 17, 09 | 18, 18, 18, 18, 16 | 
01, 02, 03, 19, 05 | 20, 13, 13, 21, 14 | 20, 21, 21, 21, 21 | 20, 20, 17, 22, 09 | 20, 23, 18, 16, 16 | 
24, 19, 19, 19, 19 | 24, 24, 13, 25, 14 | 24, 25, 25, 25, 25 | 24, 22, 22, 22, 22 | 23, 23, 23, 23, 16 | 

 Solution #117: 


01, 02, 03, 04, 05 | 06, 04, 04, 04, 04 | 06, 07, 07, 07, 07 | 06, 06, 07, 08, 09 | 06, 10, 10, 10, 10 | 
01, 02, 03, 05, 05 | 11, 12, 13, 08, 14 | 11, 12, 15, 08, 09 | 11, 12, 12, 08, 09 | 11, 12, 10, 08, 16 | 
01, 02, 03, 03, 05 | 01, 02, 13, 14, 14 | 11, 15, 15, 15, 15 | 17, 17, 17, 17, 09 | 18, 18, 18, 18, 16 | 
01, 02, 03, 19, 05 | 20, 13, 13, 21, 14 | 20, 21, 21, 21, 21 | 20, 20, 17, 22, 09 | 20, 18, 23, 16, 16 | 
24, 19, 19, 19, 19 | 24, 24, 13, 25, 14 | 24, 25, 25, 25, 25 | 24, 22, 22, 22, 22 | 23, 23, 23, 23, 16 | 

 Solution #118: 


01, 02, 03, 04, 05 | 06, 04, 04, 04, 04 | 06, 07, 07, 07, 07 | 06, 06, 07, 08, 09 | 06, 10, 10, 10, 10 | 
01, 02, 03, 05, 05 | 11, 12, 13, 08, 14 | 11, 12, 15, 08, 09 | 11, 12, 12, 08, 09 | 11, 12, 10, 08, 16 | 
01, 02, 03, 03, 05 | 01, 02, 13, 14, 14 | 11, 15, 15, 15, 15 | 17, 17, 17, 17, 09 | 18, 18, 18, 18, 16 | 
01, 02, 03, 19, 05 | 20, 13, 13, 19, 14 | 20, 20, 21, 19, 19 | 20, 17, 22, 19, 09 | 20, 23, 18, 16, 16 | 
24, 25, 25, 25, 25 | 24, 24, 13, 25, 14 | 24, 21, 21, 21, 21 | 24, 22, 22, 22, 22 | 23, 23, 23, 23, 16 | 

 Solution #119: 


01, 02, 03, 04, 05 | 06, 04, 04, 04, 04 | 06, 07, 07, 07, 07 | 06, 06, 07, 08, 09 | 06, 10, 10, 10, 10 | 
01, 02, 03, 05, 05 | 11, 12, 13, 08, 14 | 11, 12, 15, 08, 09 | 11, 12, 12, 08, 09 | 11, 12, 10, 08, 16 | 
01, 02, 03, 03, 05 | 01, 02, 13, 14, 14 | 11, 15, 15, 15, 15 | 17, 17, 17, 17, 09 | 18, 18, 18, 18, 16 | 
01, 02, 03, 19, 05 | 20, 13, 13, 19, 14 | 20, 20, 21, 19, 19 | 20, 17, 22, 19, 09 | 20, 18, 23, 16, 16 | 
24, 25, 25, 25, 25 | 24, 24, 13, 25, 14 | 24, 21, 21, 21, 21 | 24, 22, 22, 22, 22 | 23, 23, 23, 23, 16 | 

 Solution #120: 


01, 02, 03, 04, 05 | 06, 04, 04, 04, 04 | 06, 07, 07, 07, 07 | 06, 06, 07, 08, 09 | 06, 10, 10, 10, 10 | 
01, 02, 03, 05, 05 | 11, 12, 13, 08, 14 | 11, 12, 12, 08, 09 | 11, 12, 15, 08, 09 | 11, 12, 10, 08, 16 | 
01, 02, 03, 03, 05 | 01, 02, 13, 17, 14 | 11, 17, 17, 17, 17 | 15, 15, 15, 15, 09 | 18, 18, 18, 18, 16 | 
01, 02, 03, 19, 05 | 20, 13, 13, 14, 14 | 20, 21, 21, 21, 21 | 20, 20, 22, 21, 09 | 20, 23, 18, 16, 16 | 
24, 19, 19, 19, 19 | 24, 24, 13, 25, 14 | 24, 25, 25, 25, 25 | 24, 22, 22, 22, 22 | 23, 23, 23, 23, 16 | 

 Solution #121: 


01, 02, 03, 04, 05 | 06, 04, 04, 04, 04 | 06, 07, 07, 07, 07 | 06, 06, 07, 08, 09 | 06, 10, 10, 10, 10 | 
01, 02, 03, 05, 05 | 11, 12, 13, 08, 14 | 11, 12, 12, 08, 09 | 11, 12, 15, 08, 09 | 11, 12, 10, 08, 16 | 
01, 02, 03, 03, 05 | 01, 02, 13, 17, 14 | 11, 17, 17, 17, 17 | 15, 15, 15, 15, 09 | 18, 18, 18, 18, 16 | 
01, 02, 03, 19, 05 | 20, 13, 13, 14, 14 | 20, 21, 21, 21, 21 | 20, 20, 21, 22, 09 | 20, 23, 18, 16, 16 | 
24, 19, 19, 19, 19 | 24, 24, 13, 25, 14 | 24, 25, 25, 25, 25 | 24, 22, 22, 22, 22 | 23, 23, 23, 23, 16 | 

 Solution #122: 


01, 02, 03, 04, 05 | 06, 04, 04, 04, 04 | 06, 07, 07, 07, 07 | 06, 06, 07, 08, 09 | 06, 10, 10, 10, 10 | 
01, 02, 03, 05, 05 | 11, 12, 13, 08, 14 | 11, 12, 12, 08, 09 | 11, 12, 15, 08, 09 | 11, 12, 10, 08, 16 | 
01, 02, 03, 03, 05 | 01, 02, 13, 17, 14 | 11, 17, 17, 17, 17 | 15, 15, 15, 15, 09 | 18, 18, 18, 18, 16 | 
01, 02, 03, 19, 05 | 20, 13, 13, 14, 14 | 20, 21, 21, 21, 21 | 20, 20, 22, 21, 09 | 20, 18, 23, 16, 16 | 
24, 19, 19, 19, 19 | 24, 24, 13, 25, 14 | 24, 25, 25, 25, 25 | 24, 22, 22, 22, 22 | 23, 23, 23, 23, 16 | 

 Solution #123: 


01, 02, 03, 04, 05 | 06, 04, 04, 04, 04 | 06, 07, 07, 07, 07 | 06, 06, 07, 08, 09 | 06, 10, 10, 10, 10 | 
01, 02, 03, 05, 05 | 11, 12, 13, 08, 14 | 11, 12, 12, 08, 09 | 11, 12, 15, 08, 09 | 11, 12, 10, 08, 16 | 
01, 02, 03, 03, 05 | 01, 02, 13, 17, 14 | 11, 17, 17, 17, 17 | 15, 15, 15, 15, 09 | 18, 18, 18, 18, 16 | 
01, 02, 03, 19, 05 | 20, 13, 13, 14, 14 | 20, 21, 21, 21, 21 | 20, 20, 21, 22, 09 | 20, 18, 23, 16, 16 | 
24, 19, 19, 19, 19 | 24, 24, 13, 25, 14 | 24, 25, 25, 25, 25 | 24, 22, 22, 22, 22 | 23, 23, 23, 23, 16 | 

 Solution #124: 


01, 02, 03, 04, 05 | 06, 04, 04, 04, 04 | 06, 07, 07, 07, 07 | 06, 06, 08, 09, 10 | 06, 11, 11, 11, 11 | 
01, 02, 03, 05, 05 | 12, 13, 14, 09, 15 | 12, 13, 07, 09, 16 | 12, 13, 08, 09, 10 | 12, 13, 11, 09, 17 | 
01, 02, 03, 03, 05 | 01, 02, 14, 15, 15 | 18, 13, 08, 16, 16 | 12, 19, 08, 10, 10 | 19, 19, 19, 19, 17 | 
01, 02, 03, 20, 05 | 18, 21, 14, 20, 15 | 18, 21, 14, 20, 16 | 18, 21, 08, 20, 10 | 18, 21, 22, 17, 17 | 
23, 24, 24, 24, 24 | 23, 23, 14, 24, 15 | 23, 21, 25, 20, 16 | 23, 25, 25, 25, 25 | 22, 22, 22, 22, 17 | 

 Solution #125: 


01, 02, 03, 04, 05 | 06, 04, 04, 04, 04 | 06, 07, 07, 07, 07 | 06, 06, 08, 09, 10 | 06, 11, 11, 11, 11 | 
01, 02, 03, 05, 05 | 12, 13, 14, 09, 15 | 12, 13, 07, 09, 16 | 12, 13, 08, 09, 10 | 12, 13, 11, 09, 17 | 
01, 02, 03, 03, 05 | 01, 02, 14, 15, 15 | 12, 13, 08, 16, 16 | 18, 19, 08, 10, 10 | 19, 19, 19, 19, 17 | 
01, 02, 03, 20, 05 | 18, 21, 14, 20, 15 | 18, 21, 14, 20, 16 | 18, 21, 08, 20, 10 | 18, 21, 22, 17, 17 | 
23, 24, 24, 24, 24 | 23, 23, 14, 24, 15 | 23, 21, 25, 20, 16 | 23, 25, 25, 25, 25 | 22, 22, 22, 22, 17 | 